0.900024 0.99973 1.00063 46.9918
0.900024 1.99973 2.00063 46.9679
0.909912 2.99973 3.00064 46.9542
0.909912 3.99973 4.00064 46.9624
0.910156 4.99973 5.00064 46.9701
0.910156 5.99973 6.00064 46.9773
0.910156 6.99973 7.00064 46.9839
0.910156 7.99973 8.00064 46.9898
0.90918 8.99973 9.00064 46.995
0.90918 9.99973 10.0006 46.9992
0.90918 10.9997 11.0006 47.0024
0.90918 11.9997 12.0006 47.0045
0.90918 12.9997 13.0006 47.0052
0.90918 13.9997 14.0006 47.0044
0.90918 14.9997 15.0006 47.0018
0.90918 15.9997 16.0006 46.9972
0.910156 16.9997 17.0006 46.9902
0.910156 17.9997 18.0006 46.9809
0.910156 18.9997 19.0006 46.9687
0.910156 19.9997 20.0006 46.9537
0.910156 20.9997 21.0006 46.9354
0.910156 21.9997 22.0006 46.9137
0.919922 22.9997 23.0007 46.9076
0.919922 23.9997 24.0007 46.9157
0.919922 24.9997 25.0007 46.9232
0.919922 25.9997 26.0007 46.9301
0.919922 26.9997 27.0007 46.9363
0.919922 27.9997 28.0007 46.9417
0.919922 28.9997 29.0007 46.9463
0.919922 29.9997 30.0007 46.95
0.919922 30.9997 31.0007 46.9526
0.919922 31.9997 32.0006 46.954
0.917969 32.9997 33.0006 46.954
0.917969 33.9997 34.0006 46.9523
0.917969 34.9997 35.0006 46.9488
0.917969 35.9997 36.0006 46.943
0.917969 36.9997 37.0006 46.935
0.917969 37.9997 38.0006 46.9243
0.917969 38.9997 39.0006 46.9107
0.917969 39.9997 40.0006 46.8939
0.917969 40.9997 41.0006 46.8737
0.929688 41.9997 42.0007 46.8557
0.929688 42.9997 43.0007 46.864
0.929688 43.9997 44.0007 46.8717
0.929688 44.9997 45.0007 46.8786
0.929688 45.9997 46.0007 46.8848
0.929688 46.9997 47.0007 46.8903
0.929688 47.9997 48.0007 46.8949
0.929688 48.9997 49.0007 46.8986
0.929688 49.9997 50.0007 46.9013
0.929688 50.9997 51.0007 46.9028
0.929688 51.9997 52.0007 46.9029
0.929688 52.9997 53.0007 46.9016
0.929688 53.9997 54.0007 46.8984
0.929688 54.9997 55.0007 46.8931
0.929688 55.9997 56.0007 46.8855
0.929688 56.9997 57.0007 46.875
0.929688 57.9997 58.0007 46.8616
0.929688 58.9997 59.0007 46.8448
0.929688 59.9997 60.0007 46.8244
0.941406 60.9997 61.0007 46.8075
0.941406 61.9997 62.0007 46.8157
0.941406 62.9997 63.0007 46.8233
0.941406 63.9997 64.0007 46.8302
0.941406 64.9997 65.0007 46.8362
0.945312 65.9997 66.0007 46.8413
0.945312 66.9997 67.0007 46.8456
0.945312 67.9997 68.0007 46.8489
0.945312 68.9997 69.0007 46.851
0.945312 69.9997 70.0007 46.852
0.945312 70.9997 71.0007 46.8516
0.945312 71.9997 72.0007 46.8496
0.945312 72.9997 73.0007 46.8458
0.945312 73.9997 74.0007 46.8398
0.945312 74.9997 75.0007 46.8314
0.945312 75.9997 76.0007 46.8202
0.945312 76.9997 77.0007 46.8058
0.945312 77.9997 78.0007 46.7877
0.945312 78.9997 79.0007 46.7657
0.953125 79.9997 80.0007 46.7626
0.953125 80.9997 81.0007 46.7709
0.953125 81.9997 82.0007 46.7781
0.953125 82.9997 83.0007 46.7845
0.953125 83.9997 84.0007 46.79
0.953125 84.9997 85.0007 46.7946
0.953125 85.9997 86.0007 46.7979
0.953125 86.9997 87.0007 46.8002
0.953125 87.9997 88.0007 46.8013
0.953125 88.9997 89.0007 46.8012
0.953125 89.9997 90.0007 46.7995
0.953125 90.9997 91.0007 46.7963
0.953125 91.9997 92.0007 46.7911
0.953125 92.9997 93.0007 46.7835
0.953125 93.9997 94.0007 46.7735
0.953125 94.9997 95.0007 46.7604
0.953125 95.9997 96.0007 46.7441
0.953125 96.9997 97.0007 46.7239
0.960938 97.9997 98.0007 46.7109
0.960938 98.9997 99.0007 46.7194
0.960938 99.9997 100.001 46.7269
0.960938 101 101.001 46.7335
0.960938 102 102.001 46.7391
0.960938 103 103.001 46.7437
0.960938 104 104.001 46.7471
0.960938 105 105.001 46.7494
0.960938 106 106.001 46.7505
0.960938 107 107.001 46.7503
0.960938 108 108.001 46.7486
0.960938 109 109.001 46.7454
0.960938 110 110.001 46.7404
0.960938 111 111.001 46.7334
0.960938 112 112.001 46.7239
0.960938 113 113.001 46.7118
0.960938 114 114.001 46.6968
0.960938 115 115.001 46.6779
0.976562 116 116.001 46.6594
0.976562 117 117.001 46.668
0.976562 118 118.001 46.6757
0.976562 119 119.001 46.6824
0.976562 120 120.001 46.6881
0.976562 121 121.001 46.6926
0.976562 122 122.001 46.696
0.976562 123 123.001 46.6983
0.976562 124 124.001 46.6993
0.976562 125 125.001 46.699
0.976562 126 126.001 46.6973
0.976562 127 127.001 46.6939
0.976562 128 128.001 46.6887
0.976562 129 129.001 46.6814
0.976562 130 130.001 46.6717
0.976562 131 131.001 46.6593
1.0625 132 132.001 46.4834
1.0625 133 133.001 46.4538
1.07812 134 134.001 46.4646
1.07812 135 135.001 46.4772
1.07812 136 136.001 46.4871
1.07812 137 137.001 46.4937
1.07812 138 138.001 46.4969
1.07812 139 139.001 46.4965
1.07812 140 140.001 46.4923
1.07812 141 141.001 46.4836
1.07812 142 142.001 46.4698
1.07812 143 143.001 46.4492
1.07812 144 144.001 46.4209
1.07812 145 145.001 46.4229
1.07812 146 146.001 46.4367
1.07812 147 147.001 46.4472
1.07812 148 148.001 46.4544
1.07812 149 149.001 46.4579
1.07812 150 150.001 46.4573
1.07812 151 151.001 46.4527
1.07812 152 152.001 46.4432
1.07812 153 153.001 46.4281
1.07812 154 154.001 46.4063
1.07812 155 155.001 46.3762
1.09375 156 156.001 46.3873
1.09375 157 157.001 46.4012
1.09375 158 158.001 46.4113
1.09375 159 159.001 46.4175
1.09375 160 160.001 46.4196
1.09375 161 161.001 46.4172
1.09375 162 162.001 46.4098
1.09375 163 163.001 46.3969
1.09375 164 164.001 46.3777
1.09375 165 165.001 46.3498
1.10938 166 166.001 46.3433
1.10938 167 167.001 46.359
1.10938 168 168.001 46.371
1.10938 169 169.001 46.3788
1.10938 170 170.001 46.3818
1.10938 171 171.001 46.3797
1.10938 172 172.001 46.3723
1.10938 173 173.001 46.359
1.10938 174 174.001 46.3387
1.10938 175 175.001 46.3097
1.10938 176 176.001 46.3069
1.10938 177 177.001 46.3234
1.10938 178 178.001 46.3353
1.10938 179 179.001 46.3425
1.10938 180 180.001 46.3444
1.10938 181 181.001 46.3406
1.10938 182 182.001 46.331
1.10938 183 183.001 46.3149
1.10938 184 184.001 46.2909
1.125 185 185.001 46.2581
1.125 186 186.001 46.2771
1.125 187 187.001 46.2892
1.125 188 188.001 46.2986
1.125 189 189.001 46.3043
1.125 190 190.001 46.306
1.125 191 191.001 46.3033
1.125 192 192.001 46.2961
1.125 193 193.001 46.284
1.125 194 194.001 46.2661
1.125 195 195.001 46.2419
1.14062 196 196.001 46.2198
1.14062 197 197.001 46.2361
1.14062 198 198.001 46.2493
1.14062 199 199.001 46.259
1.14062 200 200.001 46.2644
1.14062 201 201.001 46.2653
1.14062 202 202.001 46.2612
1.14062 203 203.001 46.2519
1.14062 204 204.001 46.237
1.14062 205 205.001 46.2159
1.14062 206 206.001 46.187
1.14062 207 207.001 46.1874
1.14062 208 208.001 46.2031
1.14062 209 209.001 46.2152
1.14062 210 210.001 46.2229
1.14062 211 211.001 46.2256
1.14062 212 212.001 46.2229
1.14062 213 213.001 46.2145
1.14062 214 214.001 46.1997
1.14062 215 215.001 46.1784
1.14062 216 216.001 46.1494
1.15625 217 217.001 46.1467
1.15625 218 218.001 46.1634
1.15625 219 219.001 46.1758
1.15625 220 220.001 46.1838
1.15625 221 221.001 46.1862
1.15625 222 222.001 46.1827
1.15625 223 223.001 46.1727
1.15625 224 224.001 46.1561
1.15625 225 225.001 46.1322
1.15625 226 226.001 46.0996
1.17188 227 227.001 46.1127
1.17188 228 228.001 46.1289
1.17188 229 229.001 46.1404
1.17188 230 230.001 46.1465
1.17188 231 231.001 46.1464
1.17188 232 232.001 46.1394
1.17188 233 233.001 46.1249
1.17188 234 234.001 46.1027
1.17188 235 235.001 46.072
1.17188 236 236.001 46.0683
1.17188 237 237.001 46.0863
1.17188 238 238.001 46.0998
1.17188 239 239.001 46.1074
1.17188 240 240.001 46.1085
1.17188 241 241.001 46.1019
1.17188 242 242.001 46.0871
1.17188 243 243.001 46.0637
1.17188 244 244.001 46.0301
1.1875 245 245.001 46.0323
1.1875 246 246.001 46.0505
1.1875 247 247.001 46.0639
1.1875 248 248.001 46.0704
1.1875 249 249.001 46.0695
1.1875 250 250.001 46.06
1.1875 251 251.001 46.0411
1.1875 252 252.001 46.0128
1.20312 253 253.001 45.9828
1.20312 254 254.001 46.004
1.20312 255 255.001 46.0203
1.20312 256 256.001 46.0307
1.20312 257 257.001 46.0335
1.20312 258 258.001 46.0277
1.20312 259 259.001 46.0125
1.20312 260 260.001 45.9878
1.20312 261 261.001 45.9515
1.20312 262 262.001 45.959
1.0625 263 263.001 46.2788
1.0625 264 264.001 46.2689
1.0625 265 265.001 46.2565
1.0625 266 266.001 46.2414
1.0625 267 267.001 46.2235
1.0625 268 268.001 46.2021
1.0625 269 269.001 46.2079
1.0625 270 270.001 46.2178
1.0625 271 271.001 46.2265
1.0625 272 272.001 46.2288
1.0625 273 273.001 46.232
1.0625 274 274.001 46.2347
1.0625 275 275.001 46.2366
1.0625 276 276.001 46.2379
1.0625 277 277.001 46.2384
1.0625 278 278.001 46.238
1.0625 279 279.001 46.2368
1.0625 280 280.001 46.2348
1.0625 281 281.001 46.2318
1.0625 282 282.001 46.2279
1.0625 283 283.001 46.2232
1.0625 284 284.001 46.2173
1.0625 285 285.001 46.2106
1.0625 286 286.001 46.203
1.0625 287 287.001 46.1946
1.0625 288 288.001 46.1851
1.0625 289 289.001 46.1745
1.0625 290 290.001 46.1628
1.0625 291 291.001 46.15
1.0625 292 292.001 46.136
1.09375 293 293.001 46.1307
1.09375 294 294.001 46.1362
1.09375 295 295.001 46.1415
1.09375 296 296.001 46.1462
1.09375 297 297.001 46.1504
1.09375 298 298.001 46.1543
1.09375 299 299.001 46.1576
1.09375 300 300.001 46.1602
1.09375 301 301.001 46.1622
1.09375 302 302.001 46.1636
1.09375 303 303.001 46.1643
1.09375 304 304.001 46.1642
1.09375 305 305.001 46.1634
1.09375 306 306.001 46.1618
1.09375 307 307.001 46.1593
1.09375 308 308.001 46.156
1.09375 309 309.001 46.1519
1.09375 310 310.001 46.1468
1.09375 311 311.001 46.1409
1.09375 312 312.001 46.134
1.09375 313 313.001 46.126
1.09375 314 314.001 46.1172
1.09375 315 315.001 46.1071
1.09375 316 316.001 46.0963
1.09375 317 317.001 46.0844
1.09375 318 318.001 46.0716
1.09375 319 319.001 46.0574
1.09375 320 320.001 46.0563
1.09375 321 321.001 46.0616
1.09375 322 322.001 46.0667
1.09375 323 323.001 46.0711
1.09375 324 324.001 46.0753
1.09375 325 325.001 46.0789
1.09375 326 326.001 46.0821
1.09375 327 327.001 46.0847
1.09375 328 328.001 46.0867
1.09375 329 329.001 46.0882
1.09375 330 330.001 46.0888
1.09375 331 331.001 46.0889
1.09375 332 332.001 46.0881
1.09375 333 333.001 46.0866
1.09375 334 334.001 46.0843
1.09375 335 335.001 46.0811
1.09375 336 336.001 46.0771
1.09375 337 337.001 46.072
1.09375 338 338.001 46.0661
1.09375 339 339.001 46.0591
1.09375 340 340.001 46.0515
1.09375 341 341.001 46.0424
1.09375 342 342.001 46.0326
1.09375 343 343.001 46.0218
1.09375 344 344.001 46.0097
1.09375 345 345.001 45.9966
1.09375 346 346.001 45.9829
1.09375 347 347.001 45.98
1.09375 348 348.001 45.9849
1.09375 349 349.001 45.99
1.09375 350 350.001 45.9943
1.09375 351 351.001 45.9983
1.09375 352 352.001 46.0019
1.09375 353 353.001 46.0049
1.09375 354 354.001 46.0076
1.09375 355 355.001 46.0098
1.09375 356 356.001 46.0113
1.09375 357 357.001 46.0123
1.09375 358 358.001 46.0126
1.09375 359 359.001 46.0123
1.09375 360 360.001 46.0114
1.09375 361 361.001 46.0096
1.09375 362 362.001 46.0072
1.09375 363 363.001 46.0039
1.09375 364 364.001 45.9998
1.09375 365 365.001 45.9949
1.09375 366 366.001 45.99
1.09375 367 367.001 45.9907
1.09375 368 368.001 45.9902
1.09375 369 369.001 45.9894
1.09375 370 370.001 45.9883
1.09375 371 371.001 45.9869
1.09375 372 372.001 45.9853
1.09375 373 373.001 45.9835
1.09375 374 374.001 45.9815
1.09375 375 375.001 45.9794
1.09375 376 376.001 45.977
1.09375 377 377.001 45.9745
1.09375 378 378.001 45.9718
1.09375 379 379.001 45.9688
1.09375 380 380.001 45.9657
1.09375 381 381.001 45.9611
1.09375 382 382.001 45.95
1.09375 383 383.001 45.9348
1.09375 384 384.001 45.916
1.09375 385 385.001 45.9164
1.09375 386 386.001 45.9455
1.09375 387 387.001 45.9658
1.09375 388 388.001 45.978
1.09375 389 389.001 45.9829
1.09375 390 390.001 45.9812
1.09375 391 391.001 45.974
1.09375 392 392.001 45.9623
1.09375 393 393.001 45.9468
1.09375 394 394.001 45.9283
1.09375 395 395.001 45.9359
1.09375 396 396.001 45.9627
1.09375 397 397.001 45.9817
1.09375 398 398.001 45.9933
1.09375 399 399.001 45.9982
1.09375 400 400.001 45.9972
1.09375 401 401.001 45.991
1.09375 402 402.001 45.9806
1.09375 403 403.001 45.9667
1.09375 404 404.001 45.9499
1.0625 405 405.001 45.9396
1.0625 406 406.001 45.968
1.0625 407 407.001 45.9892
1.0625 408 408.001 46.0035
1.0625 409 409.001 46.0114
1.0625 410 410.001 46.0136
1.0625 411 411.001 46.0107
1.0625 412 412.001 46.0033
1.0625 413 413.001 45.9924
1.0625 414 414.001 45.9784
1.0625 415 415.001 45.9619
1.0625 416 416.001 45.9581
1.0625 417 417.001 45.9845
1.0625 418 418.001 46.0042
1.0625 419 419.001 46.018
1.0625 420 420.001 46.0259
1.0625 421 421.001 46.0285
1.0625 422 422.001 46.0264
1.0625 423 423.001 46.0203
1.0625 424 424.001 46.0107
1.0625 425 425.001 45.9981
1.0625 426 426.001 45.9831
1.0625 427 427.001 45.9662
1.0625 428 428.001 45.9877
1.0625 429 429.001 46.0095
1.0625 430 430.001 46.0256
1.0625 431 431.001 46.0362
1.0625 432 432.001 46.0419
1.0625 433 433.001 46.0429
1.0625 434 434.001 46.0398
1.0625 435 435.001 46.0331
1.0625 436 436.001 46.0234
1.0625 437 437.001 46.0111
1.0625 438 438.001 45.9968
1.0625 439 439.001 45.9806
1.03125 440 440.001 46.0008
1.03125 441 441.001 46.022
1.03125 442 442.001 46.0378
1.03125 443 443.001 46.0489
1.03125 444 444.001 46.0552
1.03125 445 445.001 46.0573
1.03125 446 446.001 46.0555
1.03125 447 447.001 46.0503
1.03125 448 448.001 46.0422
1.03125 449 449.001 46.0316
1.03125 450 450.001 46.0217
1.03125 451 451.001 46.0252
1.03125 452 452.001 46.0252
1.03125 453 453.001 46.02
1.03125 454 454.001 46.0014
1.03125 455 455.001 46.0424
1.03125 456 456.001 46.0649
1.03125 457 457.001 46.0711
1.03125 458 458.001 46.0636
1.03125 459 459.001 46.0455
1.03125 460 460.001 46.0199
1.03125 461 461.001 46.0312
1.03125 462 462.001 46.0644
1.03125 463 463.001 46.0814
1.03125 464 464.001 46.0841
1.03125 465 465.001 46.0749
1.03125 466 466.001 46.0568
1.03125 467 467.001 46.0317
1 468 468.001 46.045
1 469 469.001 46.0765
1 470 470.001 46.0936
1 471 471.001 46.0976
1 472 472.001 46.0907
1 473 473.001 46.0748
1 474 474.001 46.0526
1 475 475.001 46.0435
1 476 476.001 46.0788
1 477 477.001 46.1006
1 478 478.001 46.1099
1 479 479.001 46.1083
1 480 480.001 46.0977
1 481 481.001 46.08
1 482 482.001 46.0571
1 483 483.001 46.0667
1 484 484.001 46.0971
1 485 485.001 46.1154
1 486 486.001 46.1226
1 487 487.001 46.1227
1 488 488.001 46.1227
1 489 489.001 46.1166
1 490 490.001 46.1034
1 491 491.001 46.0844
1 492 492.001 46.0611
0.96875 493 493.001 46.0883
0.96875 494 494.001 46.114
0.96875 495 495.001 46.1292
0.96875 496 496.001 46.1346
0.96875 497 497.001 46.1314
0.96875 498 498.001 46.1212
0.96875 499 499.001 46.1052
0.96875 500 500.001 46.0848
0.96875 501 501.001 46.0811
0.96875 502 502.001 46.1118
0.96875 503 503.001 46.1322
0.96875 504 504.001 46.1433
0.96875 505 505.001 46.1459
0.96875 506 506.001 46.1412
0.96875 507 507.001 46.1303
0.96875 508 508.001 46.1145
0.96875 509 509.001 46.0948
0.96875 510 510.001 46.0928
0.96875 511 511.001 46.1217
0.96875 512 512.001 46.1418
0.96875 513 513.001 46.1533
0.96875 514 514.001 46.157
0.96875 515 515.001 46.1538
0.96875 516 516.001 46.1449
0.96875 517 517.001 46.131
0.96875 518 518.001 46.1135
0.96875 519 519.001 46.0929
0.9375 520 520.001 46.1194
0.9375 521 521.001 46.1427
0.9375 522 522.001 46.158
0.9375 523 523.001 46.1659
0.9375 524 524.001 46.1671
0.8125 525 525.001 46.3294
0.8125 526 526.001 46.3332
0.8125 527 527.001 46.3345
0.8125 528 528.001 46.3336
0.8125 529 529.001 46.3307
0.8125 530 530.001 46.3258
0.8125 531 531.001 46.3192
0.8125 532 532.001 46.3111
0.8125 533 533.001 46.3016
0.8125 534 534.001 46.291
0.8125 535 535.001 46.2794
0.8125 536 536.001 46.2668
0.8125 537 537.001 46.2834
0.8125 538 538.001 46.2987
0.8125 539 539.001 46.303
0.8125 540 540.001 46.3015
0.8125 541 541.001 46.3015
0.8125 542 542.001 46.3015
0.8125 543 543.001 46.3015
0.8125 544 544.001 46.3015
0.8125 545 545.001 46.3015
0.8125 546 546.001 46.3015
0.8125 547 547.001 46.3015
0.8125 548 548.001 46.3015
0.8125 549 549.001 46.3015
0.8125 550 550.001 46.3015
0.8125 551 551.001 46.3015
0.8125 552 552.001 46.3015
0.8125 553 553.001 46.3015
0.8125 554 554.001 46.3015
0.8125 555 555.001 46.3015
0.8125 556 556.001 46.3015
0.8125 557 557.001 46.3015
0.8125 558 558.001 46.3015
0.8125 559 559.001 46.3015
0.8125 560 560.001 46.3015
0.8125 561 561.001 46.3015
0.8125 562 562.001 46.3232
0.8125 563 563.001 46.3351
0.8125 564 564.001 46.3382
0.8125 565 565.001 46.3336
0.8125 566 566.001 46.3222
0.8125 567 567.001 46.3055
0.8125 568 568.001 46.2846
0.8125 569 569.001 46.2821
0.8125 570 570.001 46.3097
0.8125 571 571.001 46.3283
0.8125 572 572.001 46.3384
0.8125 573 573.001 46.3409
0.8125 574 574.001 46.3364
0.8125 575 575.001 46.3259
0.8125 576 576.001 46.3106
0.8125 577 577.001 46.2914
0.8125 578 578.001 46.2755
0.8125 579 579.001 46.3039
0.8125 580 580.001 46.3242
0.8125 581 581.001 46.3368
0.8125 582 582.001 46.342
0.8125 583 583.001 46.3411
0.8125 584 584.001 46.3342
0.8125 585 585.001 46.3224
0.8125 586 586.001 46.3066
0.8125 587 587.001 46.2876
0.75 588 588 46.2817
0.75 589 589 46.3073
0.75 590 590 46.3257
0.75 591 591 46.3373
0.75 592 592 46.3425
0.75 593 593 46.3418
0.75 594 594 46.336
0.75 595 595 46.3256
0.75 596 596 46.3116
0.75 597 597 46.2944
0.75 598 598 46.2748
0.75 599 599 46.2958
0.75 600 600 46.3163
0.75 601 601 46.3306
0.75 602 602 46.339
0.75 603 603 46.342
0.75 604 604 46.3398
0.75 605 605 46.3332
0.75 606 606 46.3228
0.75 607 607 46.3091
0.75 608 608 46.2928
0.75 609 609 46.2743
0.75 610 610 46.2913
0.75 611 611 46.3113
0.75 612 612 46.3258
0.75 613 613 46.335
0.75 614 614 46.3393
0.75 615 615 46.3388
0.75 616 616 46.3342
0.75 617 617 46.326
0.75 618 618 46.3146
0.75 619 619 46.3006
0.75 620 620 46.2844
0.75 621 621 46.2688
0.75 622 622 46.2919
0.75 623 623 46.3099
0.75 624 624 46.3229
0.75 625 625 46.3313
0.75 626 626 46.3353
0.75 627 627 46.3351
0.75 628 628 46.3312
0.75 629 629 46.324
0.75 630 630 46.3139
0.75 631 631 46.3013
0.75 632 632 46.2868
0.75 633 633 46.2705
0.75 634 634 46.2752
0.75 635 635 46.2948
0.75 636 636 46.3098
0.75 637 637 46.3205
0.75 638 638 46.3272
0.75 639 639 46.33
0.75 640 640 46.3293
0.75 641 641 46.3252
0.75 642 642 46.3182
0.75 643 643 46.3087
0.75 644 644 46.297
0.75 645 645 46.2843
0.75 646 646 46.285
0.75 647 647 46.285
0.75 648 648 46.285
0.75 649 649 46.285
0.75 650 650 46.285
0.75 651 651 46.285
0.75 652 652 46.285
0.75 653 653 46.285
0.75 654 654 46.285
0.75 655 655 46.285
0.75 656 656 46.285
0.75 657 657 46.285
0.75 658 658 46.285
0.75 659 659 46.285
0.75 660 660 46.285
0.75 661 661 46.285
0.75 662 662 46.285
0.75 663 663 46.285
0.75 664 664 46.285
0.75 665 665 46.285
0.75 666 666 46.285
0.75 667 667 46.285
0.75 668 668 46.285
0.75 669 669 46.285
0.75 670 670 46.285
0.75 671 671 46.285
0.75 672 672 46.285
0.75 673 673 46.285
0.75 674 674 46.285
0.75 675 675 46.285
0.75 676 676 46.2677
0.75 677 677 46.2822
0.75 678 678 46.3093
0.75 679 679 46.3217
0.75 680 680 46.3209
0.75 681 681 46.3089
0.75 682 682 46.2882
0.75 683 683 46.261
0.75 684 684 46.2692
0.75 685 685 46.2966
0.75 686 686 46.3108
0.75 687 687 46.313
0.75 688 688 46.3046
0.75 689 689 46.2878
0.75 690 690 46.2646
0.6875 691 691 46.2373
0.6875 692 692 46.2706
0.6875 693 693 46.2916
0.6875 694 694 46.3011
0.6875 695 695 46.3003
0.6875 696 696 46.2907
0.6875 697 697 46.2739
0.6875 698 698 46.2516
0.6875 699 699 46.2251
0.6875 700 700 46.2544
0.6875 701 701 46.2754
0.6875 702 702 46.2862
0.6875 703 703 46.2876
0.6875 704 704 46.2807
0.6875 705 705 46.2671
0.6875 706 706 46.2481
0.6875 707 707 46.2249
0.6875 708 708 46.2206
0.6875 709 709 46.2466
0.6875 710 710 46.2631
0.6875 711 711 46.2708
0.6875 712 712 46.2704
0.6875 713 713 46.2629
0.6875 714 714 46.2495
0.6875 715 715 46.2315
0.6875 716 716 46.2098
0.6875 717 717 46.1964
0.6875 718 718 46.2225
0.6875 719 719 46.2402
0.6875 720 720 46.2498
0.6875 721 721 46.252
0.6875 722 722 46.2476
0.6875 723 723 46.2375
0.6875 724 724 46.2228
0.6875 725 725 46.2044
0.6875 726 726 46.183
0.6875 727 727 46.1802
0.6875 728 728 46.2033
0.6875 729 729 46.2147
0.6875 730 730 46.2255
0.6875 731 731 46.2295
0.6875 732 732 46.2274
0.6875 733 733 46.2199
0.6875 734 734 46.208
0.6875 735 735 46.1924
0.6875 736 736 46.1738
0.6875 737 737 46.1528
0.6875 738 738 46.1601
0.6875 739 739 46.1804
0.6875 740 740 46.1941
0.6875 741 741 46.2016
0.6875 742 742 46.2034
0.6875 743 743 46.1999
0.6875 744 744 46.1919
0.6875 745 745 46.1801
0.6875 746 746 46.1652
0.6875 747 747 46.1476
0.6875 748 748 46.128
0.625 749 749 46.1262
0.625 750 750 46.1466
0.625 751 751 46.161
0.625 752 752 46.1699
0.625 753 753 46.1734
0.625 754 754 46.1722
0.625 755 755 46.1666
0.625 756 756 46.1574
0.625 757 757 46.145
0.625 758 758 46.1301
0.625 759 759 46.113
0.625 760 760 46.101
0.625 761 761 46.101
0.625 762 762 46.101
0.625 763 763 46.101
0.625 764 764 46.101
0.625 765 765 46.101
0.625 766 766 46.101
0.625 767 767 46.101
0.625 768 768 46.101
0.625 769 769 46.101
0.625 770 770 46.101
0.625 771 771 46.101
0.625 772 772 46.101
0.625 773 773 46.101
0.625 774 774 46.101
0.625 775 775 46.101
0.625 776 776 46.101
0.625 777 777 46.101
0.625 778 778 46.101
0.625 779 779 46.101
0.625 780 780 46.101
0.625 781 781 46.101
0.625 782 782 46.101
0.625 783 783 46.101
0.625 784 784 46.101
0.625 785 785 46.101
0.625 786 786 46.101
0.625 787 787 46.101
0.625 788 788 46.101
0.625 789 789 46.101
0.625 790 790 46.101
0.625 791 791 46.0879
0.625 792 792 46.1236
0.625 793 793 46.1387
0.625 794 794 46.136
0.625 795 795 46.1192
0.625 796 796 46.092
0.625 797 797 46.0574
0.625 798 798 46.0737
0.625 799 799 46.0956
0.625 800 800 46.1006
0.625 801 801 46.0913
0.625 802 802 46.0711
0.625 803 803 46.0428
0.625 804 804 46.0084
0.625 805 805 46.0351
0.625 806 806 46.0533
0.625 807 807 46.0566
0.625 808 808 46.0473
0.625 809 809 46.0283
0.625 810 810 46.002
0.625 811 811 45.9702
0.625 812 812 45.979
0.625 813 813 46.0004
0.625 814 814 46.0078
0.625 815 815 46.0032
0.625 816 816 45.9888
0.625 817 817 45.9669
0.625 818 818 45.9393
0.625 819 819 45.9071
0.625 820 820 45.9322
0.625 821 821 45.9487
0.625 822 822 45.9529
0.625 823 823 45.9465
0.625 824 824 45.9318
0.625 825 825 45.9104
0.625 826 826 45.8839
0.625 827 827 45.8532
0.5625 828 828 45.8692
0.5625 829 829 45.8866
0.5625 830 830 45.8925
0.5625 831 831 45.8884
0.5625 832 832 45.8762
0.5625 833 833 45.8575
0.5625 834 834 45.8337
0.5625 835 835 45.8057
0.5625 836 836 45.791
0.5625 837 837 45.8137
0.5625 838 838 45.8251
0.5625 839 839 45.8264
0.5625 840 840 45.8192
0.5625 841 841 45.8051
0.5625 842 842 45.7855
0.5625 843 843 45.7615
0.5625 844 844 45.7336
0.5625 845 845 45.7267
0.5625 846 846 45.7473
0.5625 847 847 45.7575
0.5625 848 848 45.7583
0.5625 849 849 45.7513
0.5625 850 850 45.7379
0.5625 851 851 45.7194
0.5625 852 852 45.6967
0.5625 853 853 45.6704
0.5625 854 854 45.6584
0.5625 855 855 45.6809
0.5625 856 856 45.6934
0.5625 857 857 45.6968
0.5625 858 858 45.6926
0.5625 859 859 45.682
0.5625 860 860 45.6663
0.5625 861 861 45.6449
0.5625 862 862 45.621
0.5625 863 863 45.5969
0.5625 864 864 45.5687
0.5625 865 865 45.5428
0.5625 866 866 45.5116
0.5625 867 867 45.482
0.5625 868 868 45.445
0.5625 869 869 45.4135
0.5625 870 870 45.3729
0.5625 871 871 45.3356
0.5625 872 872 45.2969
0.5625 873 873 45.2525
0.5625 874 874 45.2359
0.5625 875 875 45.2334
0.5625 876 876 45.2327
0.5625 877 877 45.2328
0.5625 878 878 45.2329
0.5625 879 879 45.233
0.5625 880 880 45.2326
0.5625 881 881 45.2328
0.5625 882 882 45.2328
0.5625 883 883 45.2329
0.5625 884 884 45.233
0.5625 885 885 45.2327
0.5625 886 886 45.2328
0.5625 887 887 45.2329
0.5625 888 888 45.2329
0.5625 889 889 45.233
0.5625 890 890 45.2327
0.5625 891 891 45.2328
0.5625 892 892 45.2329
0.5625 893 893 45.233
0.5625 894 894 45.2326
0.5625 895 895 45.2328
0.5625 896 896 45.2328
0.5625 897 897 45.2329
0.5625 898 898 45.233
0.5625 899 899 45.2327
0.5625 900 900 45.2328
0.5625 901 901 45.2329
0.5625 902 902 45.233
0.5625 903 903 45.233
0.5625 904 904 45.2327
0.5625 905 905 45.2328
0.5625 906 906 45.2329
0.5625 907 907 45.233
0.5625 908 908 45.2326
0.5625 909 909 45.2327
0.5625 910 910 45.2328
0.5625 911 911 45.2329
0.5625 912 912 45.233
0.5625 913 913 45.2327
0.5625 914 914 45.2328
0.5625 915 915 45.2329
0.5625 916 916 45.233
0.5625 917 917 45.233
0.5625 918 918 45.2327
0.5625 919 919 45.2328
0.5625 920 920 45.2329
0.5625 921 921 45.233
0.5625 922 922 45.2326
0.5625 923 923 45.2328
0.5625 924 924 45.2328
0.5625 925 925 45.2324
0.5625 926 926 45.1987
0.5625 927 927 45.1652
0.5625 928 928 45.1234
0.5625 929 929 45.0735
0.5625 930 930 45.0246
0.5625 931 931 44.9642
0.5625 932 932 44.9031
0.5625 933 933 44.834
0.5625 934 934 44.759
0.5625 935 935 44.6788
0.5625 936 936 44.6423
0.5625 937 937 44.603
0.5625 938 938 44.5602
0.5625 939 939 44.5138
0.5625 940 940 44.4629
0.5625 941 941 44.4084
0.5625 942 942 44.3466
0.5625 943 943 44.2847
0.5625 944 944 44.2089
0.5625 945 945 44.1389
0.5625 946 946 44.0647
0.5625 947 947 44.0257
0.5625 948 948 43.9836
0.5625 949 949 43.9387
0.5625 950 950 43.8892
0.5625 951 951 43.8387
0.5625 952 952 43.7824
0.5625 953 953 43.7234
0.5625 954 954 43.662
0.5625 955 955 43.5947
0.5625 956 956 43.5218
0.5625 957 957 43.4512
0.625 958 958 43.3904
0.625 959 959 43.3489
0.625 960 960 43.3048
0.625 961 961 43.2579
0.625 962 962 43.2075
0.625 963 963 43.1548
0.625 964 964 43.0997
0.625 965 965 43.0406
0.625 966 966 42.9775
0.625 967 967 42.9125
0.625 968 968 42.8455
0.625 969 969 42.7702
0.625 970 970 42.6944
0.625 971 971 42.6513
0.625 972 972 42.6225
0.625 973 973 42.6032
0.625 974 974 42.5897
0.625 975 975 42.5788
0.625 976 976 42.5688
0.625 977 977 42.561
0.625 978 978 42.5524
0.625 979 979 42.5488
0.625 980 980 42.543
0.625 981 981 42.5442
0.625 982 982 42.5432
0.625 983 983 42.5436
0.625 984 984 42.5435
0.625 985 985 42.5434
0.625 986 986 42.5437
0.625 987 987 42.5435
0.625 988 988 42.5435
0.625 989 989 42.5434
0.625 990 990 42.5437
0.625 991 991 42.5435
0.625 992 992 42.5435
0.625 993 993 42.5434
0.625 994 994 42.5437
0.625 995 995 42.5435
0.625 996 996 42.5435
0.625 997 997 42.5434
0.625 998 998 42.5437
0.625 999 999 42.5435
0.625 1000 1000 42.5435
0.625 1001 1001 42.5434
0.625 1002 1002 42.5437
0.625 1003 1003 42.5435
0.625 1004 1004 42.5435
0.625 1005 1005 42.5434
0.625 1006 1006 42.5437
0.625 1007 1007 42.5435
0.625 1008 1008 42.5435
0.625 1009 1009 42.5434
0.625 1010 1010 42.5437
0.625 1011 1011 42.5435
0.625 1012 1012 42.5435
0.625 1013 1013 42.5434
0.625 1014 1014 42.5437
0.625 1015 1015 42.5435
0.625 1016 1016 42.5435
0.625 1017 1017 42.5434
0.625 1018 1018 42.5437
0.625 1019 1019 42.5435
0.625 1020 1020 42.5435
0.625 1021 1021 42.5434
0.625 1022 1022 42.5437
0.625 1023 1023 42.5435
0.625 1024 1024 42.5435
0.625 1025 1025 42.5434
0.625 1026 1026 42.5437
0.625 1027 1027 42.5435
0.625 1028 1028 42.5435
0.625 1029 1029 42.5434
0.625 1030 1030 42.5437
0.625 1031 1031 42.5435
0.625 1032 1032 42.5435
0.625 1033 1033 42.5434
0.625 1034 1034 42.5437
0.625 1035 1035 42.5435
0.625 1036 1036 42.5435
0.625 1037 1037 42.5434
0.625 1038 1038 42.5437
0.625 1039 1039 42.5435
0.625 1040 1040 42.5435
0.625 1041 1041 42.5434
0.625 1042 1042 42.5437
0.625 1043 1043 42.5435
0.625 1044 1044 42.5435
0.625 1045 1045 42.5434
0.625 1046 1046 42.5437
0.625 1047 1047 42.5435
0.625 1048 1048 42.5435
0.625 1049 1049 42.739
0.625 1050 1050 42.7427
0.625 1051 1051 42.7402
0.625 1052 1052 42.7393
0.625 1053 1053 42.739
0.625 1054 1054 42.7427
0.625 1055 1055 42.7402
0.625 1056 1056 42.7393
0.625 1057 1057 42.739
0.625 1058 1058 42.7427
0.625 1059 1059 42.7402
0.625 1060 1060 42.7393
0.625 1061 1061 42.739
0.625 1062 1062 42.7427
0.625 1063 1063 42.7402
0.625 1064 1064 42.7393
0.625 1065 1065 42.739
0.625 1066 1066 42.7427
0.625 1067 1067 42.7402
0.625 1068 1068 42.7393
0.625 1069 1069 42.739
0.625 1070 1070 42.7427
0.625 1071 1071 42.7402
0.625 1072 1072 42.7393
0.625 1073 1073 42.739
0.625 1074 1074 42.7427
0.625 1075 1075 42.7402
0.625 1076 1076 42.7393
0.625 1077 1077 42.739
0.625 1078 1078 42.7427
0.625 1079 1079 42.7402
0.625 1080 1080 42.7393
0.625 1081 1081 42.739
0.625 1082 1082 42.7427
0.625 1083 1083 42.7402
0.625 1084 1084 42.7393
0.625 1085 1085 42.739
0.625 1086 1086 42.7427
0.625 1087 1087 42.7402
0.625 1088 1088 42.7393
0.625 1089 1089 42.739
0.625 1090 1090 42.7427
0.625 1091 1091 42.7402
0.625 1092 1092 42.7393
0.625 1093 1093 42.739
0.625 1094 1094 42.7427
0.625 1095 1095 42.7402
0.625 1096 1096 42.7393
0.625 1097 1097 42.739
0.625 1098 1098 42.7427
0.625 1099 1099 42.7402
0.625 1100 1100 42.7393
0.625 1101 1101 42.739
0.625 1102 1102 42.7427
0.625 1103 1103 42.7402
0.625 1104 1104 42.7393
0.625 1105 1105 42.739
0.625 1106 1106 42.7427
0.625 1107 1107 42.7402
0.625 1108 1108 42.7393
0.625 1109 1109 42.739
0.625 1110 1110 42.7427
0.625 1111 1111 42.7402
0.625 1112 1112 42.7393
0.625 1113 1113 42.739
0.625 1114 1114 42.7427
0.625 1115 1115 42.7402
0.625 1116 1116 42.7393
0.625 1117 1117 42.739
0.625 1118 1118 42.7427
0.625 1119 1119 42.7402
0.625 1120 1120 42.7393
0.625 1121 1121 42.739
0.625 1122 1122 42.7427
0.625 1123 1123 42.7402
0.625 1124 1124 42.7393
0.625 1125 1125 42.739
0.625 1126 1126 42.7427
0.625 1127 1127 42.7402
0.625 1128 1128 42.7393
0.625 1129 1129 42.739
0.625 1130 1130 42.7427
0.625 1131 1131 42.7402
0.625 1132 1132 42.7393
0.625 1133 1133 42.739
0.625 1134 1134 42.7427
0.625 1135 1135 42.7402
0.625 1136 1136 42.7393
0.625 1137 1137 42.739
0.625 1138 1138 42.7427
0.625 1139 1139 42.7402
0.625 1140 1140 42.7393
0.625 1141 1141 42.739
0.625 1142 1142 42.7427
0.625 1143 1143 42.7402
0.625 1144 1144 42.7393
0.625 1145 1145 42.739
0.625 1146 1146 42.7427
0.625 1147 1147 42.7402
0.625 1148 1148 42.7393
0.625 1149 1149 42.739
0.625 1150 1150 42.7427
0.625 1151 1151 42.7402
0.625 1152 1152 42.7393
0.625 1153 1153 42.739
0.625 1154 1154 42.7427
0.625 1155 1155 42.7402
0.625 1156 1156 42.7393
0.625 1157 1157 42.739
0.625 1158 1158 42.7427
0.625 1159 1159 42.7402
0.625 1160 1160 42.7393
0.625 1161 1161 42.739
0.625 1162 1162 42.7427
0.625 1163 1163 42.7402
0.625 1164 1164 42.7393
0.625 1165 1165 42.739
0.625 1166 1166 42.7427
0.625 1167 1167 42.7402
0.625 1168 1168 42.7393
0.625 1169 1169 42.739
0.625 1170 1170 42.7427
0.625 1171 1171 42.7402
0.625 1172 1172 42.7393
0.625 1173 1173 42.739
0.625 1174 1174 42.7427
0.625 1175 1175 42.7402
0.625 1176 1176 42.7393
0.625 1177 1177 42.739
0.625 1178 1178 42.7427
0.625 1179 1179 42.7402
0.625 1180 1180 42.7393
0.625 1181 1181 42.739
0.625 1182 1182 42.7427
0.625 1183 1183 42.7402
0.625 1184 1184 42.7393
0.625 1185 1185 42.739
0.625 1186 1186 42.7427
0.625 1187 1187 42.7402
0.625 1188 1188 42.7393
0.625 1189 1189 42.739
0.625 1190 1190 42.7427
0.625 1191 1191 42.7402
0.625 1192 1192 42.7393
0.625 1193 1193 42.739
0.625 1194 1194 42.7427
0.625 1195 1195 42.7402
0.625 1196 1196 42.7393
0.625 1197 1197 42.739
0.625 1198 1198 42.7427
0.625 1199 1199 42.7402
0.625 1200 1200 42.7393
0.625 1201 1201 42.739
0.625 1202 1202 42.7427
0.625 1203 1203 42.7402
0.625 1204 1204 42.7393
0.625 1205 1205 42.739
0.625 1206 1206 42.7427
0.625 1207 1207 42.7402
0.625 1208 1208 42.7393
0.625 1209 1209 42.739
0.625 1210 1210 42.7427
0.625 1211 1211 42.7402
0.625 1212 1212 42.7393
0.625 1213 1213 42.739
0.625 1214 1214 42.7427
0.625 1215 1215 42.7402
0.625 1216 1216 42.7393
0.625 1217 1217 42.739
0.625 1218 1218 42.7427
0.625 1219 1219 42.7402
0.625 1220 1220 42.7393
0.625 1221 1221 42.739
0.625 1222 1222 42.7427
0.625 1223 1223 42.7402
0.625 1224 1224 42.7393
0.625 1225 1225 42.739
0.625 1226 1226 42.7427
0.625 1227 1227 42.7402
0.625 1228 1228 42.7393
0.625 1229 1229 42.739
0.625 1230 1230 42.7427
0.625 1231 1231 42.7402
0.625 1232 1232 42.7393
0.625 1233 1233 42.739
0.625 1234 1234 42.7427
0.625 1235 1235 42.7402
0.625 1236 1236 42.7393
0.625 1237 1237 42.739
0.625 1238 1238 42.7427
0.625 1239 1239 42.7402
0.625 1240 1240 42.7393
0.625 1241 1241 42.739
0.625 1242 1242 42.7427
0.625 1243 1243 42.7402
0.625 1244 1244 42.7393
0.625 1245 1245 42.739
0.625 1246 1246 42.7427
0.625 1247 1247 42.7402
0.625 1248 1248 42.7393
0.625 1249 1249 42.739
0.625 1250 1250 42.7427
0.625 1251 1251 42.7402
0.625 1252 1252 42.7393
0.625 1253 1253 42.739
0.625 1254 1254 42.7427
0.625 1255 1255 42.7402
0.625 1256 1256 42.7393
0.625 1257 1257 42.739
0.625 1258 1258 42.7427
0.625 1259 1259 42.7402
0.625 1260 1260 42.7393
0.625 1261 1261 42.739
0.625 1262 1262 42.7427
0.625 1263 1263 42.7402
0.625 1264 1264 42.7393
0.625 1265 1265 42.739
0.625 1266 1266 42.7427
0.625 1267 1267 42.7402
0.625 1268 1268 42.7393
0.625 1269 1269 42.739
0.625 1270 1270 42.7427
0.625 1271 1271 42.7402
0.625 1272 1272 42.7393
0.625 1273 1273 42.739
0.625 1274 1274 42.7427
0.625 1275 1275 42.7402
0.625 1276 1276 42.7393
0.625 1277 1277 42.739
0.625 1278 1278 42.7427
0.625 1279 1279 42.7402
0.625 1280 1280 42.7393
0.625 1281 1281 42.739
0.625 1282 1282 42.7427
0.625 1283 1283 42.7402
0.625 1284 1284 42.7393
0.625 1285 1285 42.739
0.625 1286 1286 42.7427
0.625 1287 1287 42.7402
0.625 1288 1288 42.7393
0.625 1289 1289 42.739
0.625 1290 1290 42.7427
0.625 1291 1291 42.7402
0.625 1292 1292 42.7393
0.625 1293 1293 42.739
0.625 1294 1294 42.7427
0.625 1295 1295 42.7402
0.625 1296 1296 42.7393
0.625 1297 1297 42.739
0.625 1298 1298 42.7427
0.625 1299 1299 42.7402
0.625 1300 1300 42.7393
0.625 1301 1301 42.739
0.625 1302 1302 42.7427
0.625 1303 1303 42.7402
0.625 1304 1304 42.7393
0.625 1305 1305 42.739
0.625 1306 1306 42.7427
0.625 1307 1307 42.7402
0.625 1308 1308 42.7393
0.625 1309 1309 42.739
0.625 1310 1310 42.7427
0.625 1311 1311 42.7402
0.625 1312 1312 42.7393
0.625 1313 1313 42.739
0.625 1314 1314 42.7427
0.625 1315 1315 42.7402
0.625 1316 1316 42.7393
0.625 1317 1317 42.739
0.625 1318 1318 42.7427
0.625 1319 1319 42.7402
0.625 1320 1320 42.7393
0.625 1321 1321 42.739
0.625 1322 1322 42.7427
0.625 1323 1323 42.7402
0.625 1324 1324 42.7393
0.625 1325 1325 42.739
0.625 1326 1326 42.7427
0.625 1327 1327 42.7402
0.625 1328 1328 42.7393
0.625 1329 1329 42.739
0.625 1330 1330 42.7427
0.625 1331 1331 42.7402
0.625 1332 1332 42.7393
0.625 1333 1333 42.739
0.625 1334 1334 42.7427
0.625 1335 1335 42.7402
0.625 1336 1336 42.7393
0.625 1337 1337 42.739
0.625 1338 1338 42.7427
0.625 1339 1339 42.7402
0.625 1340 1340 42.7393
0.625 1341 1341 42.739
0.625 1342 1342 42.7427
0.625 1343 1343 42.7402
0.625 1344 1344 42.7393
0.625 1345 1345 42.739
0.625 1346 1346 42.7427
0.625 1347 1347 42.7402
0.625 1348 1348 42.7393
0.625 1349 1349 42.739
0.625 1350 1350 42.7427
0.625 1351 1351 42.7402
0.625 1352 1352 42.7393
0.625 1353 1353 42.739
0.625 1354 1354 42.7427
0.625 1355 1355 42.7402
0.625 1356 1356 42.7393
0.625 1357 1357 42.739
0.625 1358 1358 42.7427
0.625 1359 1359 42.7402
0.625 1360 1360 42.7393
0.625 1361 1361 42.739
0.625 1362 1362 42.7427
0.625 1363 1363 42.7402
0.625 1364 1364 42.7393
0.625 1365 1365 42.739
0.625 1366 1366 42.7427
0.625 1367 1367 42.7402
0.625 1368 1368 42.7393
0.625 1369 1369 42.739
0.625 1370 1370 42.7427
0.625 1371 1371 42.7402
0.625 1372 1372 42.7393
0.625 1373 1373 42.739
0.625 1374 1374 42.7427
0.625 1375 1375 42.7402
0.625 1376 1376 42.7393
0.625 1377 1377 42.739
0.625 1378 1378 42.7427
0.625 1379 1379 42.7402
0.625 1380 1380 42.7393
0.625 1381 1381 42.739
0.625 1382 1382 42.7427
0.625 1383 1383 42.7402
0.625 1384 1384 42.7393
0.625 1385 1385 42.739
0.625 1386 1386 42.7427
0.625 1387 1387 42.7402
0.625 1388 1388 42.7393
0.625 1389 1389 42.739
0.625 1390 1390 42.7427
0.625 1391 1391 42.7402
0.625 1392 1392 42.7393
0.625 1393 1393 42.739
0.625 1394 1394 42.7427
0.625 1395 1395 42.7402
0.625 1396 1396 42.7393
0.625 1397 1397 42.739
0.625 1398 1398 42.7427
0.625 1399 1399 42.7402
0.625 1400 1400 42.7393
0.625 1401 1401 42.739
0.625 1402 1402 42.7427
0.625 1403 1403 42.7402
0.625 1404 1404 42.7393
0.625 1405 1405 42.739
0.625 1406 1406 42.7427
0.625 1407 1407 42.7402
0.625 1408 1408 42.7393
0.625 1409 1409 42.739
0.625 1410 1410 42.7427
0.625 1411 1411 42.7402
0.625 1412 1412 42.7393
0.625 1413 1413 42.739
0.625 1414 1414 42.7427
0.625 1415 1415 42.7402
0.625 1416 1416 42.7393
0.625 1417 1417 42.739
0.625 1418 1418 42.7427
0.625 1419 1419 42.7402
0.625 1420 1420 42.7393
0.625 1421 1421 42.739
0.625 1422 1422 42.7427
0.625 1423 1423 42.7402
0.625 1424 1424 42.7393
0.625 1425 1425 42.739
0.625 1426 1426 42.7427
0.625 1427 1427 42.7402
0.625 1428 1428 42.7393
0.625 1429 1429 42.739
0.625 1430 1430 42.7427
0.625 1431 1431 42.7402
0.625 1432 1432 42.7393
0.625 1433 1433 42.739
0.625 1434 1434 42.7427
0.625 1435 1435 42.7402
0.625 1436 1436 42.7393
0.625 1437 1437 42.739
0.625 1438 1438 42.7427
0.625 1439 1439 42.7402
0.625 1440 1440 42.7393
0.625 1441 1441 42.739
0.625 1442 1442 42.7427
0.625 1443 1443 42.7402
0.625 1444 1444 42.7393
0.625 1445 1445 42.739
0.625 1446 1446 42.7427
0.625 1447 1447 42.7402
0.625 1448 1448 42.7393
0.625 1449 1449 42.739
0.625 1450 1450 42.7427
0.625 1451 1451 42.7402
0.625 1452 1452 42.7393
0.625 1453 1453 42.739
0.625 1454 1454 42.7427
0.625 1455 1455 42.7402
0.625 1456 1456 42.7393
0.625 1457 1457 42.739
0.625 1458 1458 42.7427
0.625 1459 1459 42.7402
0.625 1460 1460 42.7393
0.625 1461 1461 42.739
0.625 1462 1462 42.7427
0.625 1463 1463 42.7402
0.625 1464 1464 42.7393
0.625 1465 1465 42.739
0.625 1466 1466 42.7427
0.625 1467 1467 42.7402
0.625 1468 1468 42.7393
0.625 1469 1469 42.739
0.625 1470 1470 42.7427
0.625 1471 1471 42.7402
0.625 1472 1472 42.7393
0.625 1473 1473 42.7391
0.625 1474 1474 42.739
0.625 1475 1475 42.739
0.625 1476 1476 42.739
0.625 1477 1477 42.739
0.625 1478 1478 42.739
0.625 1479 1479 42.739
0.625 1480 1480 42.739
0.625 1481 1481 42.739
0.625 1482 1482 42.7391
0.625 1483 1483 42.7391
0.625 1484 1484 42.7391
0.625 1485 1485 42.7392
0.625 1486 1486 42.7392
0.625 1487 1487 42.7392
0.625 1488 1488 42.7393
0.625 1489 1489 42.7393
0.625 1490 1490 42.7393
0.625 1491 1491 42.7392
0.625 1492 1492 42.7392
0.625 1493 1493 42.7354
0.625 1494 1494 42.7379
0.625 1495 1495 42.7388
0.625 1496 1496 42.7353
0.625 1497 1497 42.7378
0.625 1498 1498 42.7388
0.625 1499 1499 42.7354
0.625 1500 1500 42.7379
0.625 1501 1501 42.7351
0.625 1502 1502 42.7377
0.625 1503 1503 42.735
0.625 1504 1504 42.7379
0.625 1505 1505 42.7351
0.625 1506 1506 42.738
0.625 1507 1507 42.7352
0.625 1508 1508 42.738
0.625 1509 1509 42.7352
0.625 1510 1510 42.7381
0.625 1511 1511 42.7352
0.625 1512 1512 42.7342
0.625 1513 1513 42.7377
0.625 1514 1514 42.7353
0.625 1515 1515 42.7343
0.625 1516 1516 42.7376
0.625 1517 1517 42.7352
0.625 1518 1518 42.7343
0.625 1519 1519 42.7338
0.625 1520 1520 42.7337
0.625 1521 1521 42.7337
0.625 1522 1522 42.7337
0.625 1523 1523 42.7337
0.625 1524 1524 42.7337
0.625 1525 1525 42.7338
0.625 1526 1526 42.7338
0.625 1527 1527 42.7338
0.625 1528 1528 42.7339
0.625 1529 1529 42.7339
0.625 1530 1530 42.734
0.625 1531 1531 42.7341
0.625 1532 1532 42.7341
0.625 1533 1533 42.7342
0.625 1534 1534 42.7342
0.625 1535 1535 42.7342
0.625 1536 1536 42.7303
0.625 1537 1537 42.7326
0.625 1538 1538 42.7336
0.625 1539 1539 42.7301
0.625 1540 1540 42.7325
0.625 1541 1541 42.7337
0.625 1542 1542 42.73
0.625 1543 1543 42.7326
0.625 1544 1544 42.7298
0.625 1545 1545 42.7325
0.625 1546 1546 42.7297
0.625 1547 1547 42.7326
0.625 1548 1548 42.7297
0.625 1549 1549 42.7327
0.625 1550 1550 42.7298
0.625 1551 1551 42.7327
0.625 1552 1552 42.73
0.625 1553 1553 42.7328
0.625 1554 1554 42.73
0.625 1555 1555 42.7328
0.625 1556 1556 42.73
0.625 1557 1557 42.7288
0.625 1558 1558 42.7323
0.625 1559 1559 42.7298
0.625 1560 1560 42.7289
0.625 1561 1561 42.7324
0.625 1562 1562 42.7298
0.625 1563 1563 42.7288
0.625 1564 1564 42.7323
0.625 1565 1565 42.7298
0.625 1566 1566 42.7288
0.625 1567 1567 42.7323
0.625 1568 1568 42.7298
0.625 1569 1569 42.7288
0.625 1570 1570 42.7323
0.625 1571 1571 42.7298
0.625 1572 1572 42.7288
0.625 1573 1573 42.7323
0.625 1574 1574 42.7298
0.625 1575 1575 42.7288
0.625 1576 1576 42.7323
0.625 1577 1577 42.7298
0.625 1578 1578 42.7288
0.625 1579 1579 42.7323
0.625 1580 1580 42.7298
0.625 1581 1581 42.7288
0.625 1582 1582 42.7323
0.625 1583 1583 42.7298
0.625 1584 1584 42.7288
0.625 1585 1585 42.7323
0.625 1586 1586 42.7298
0.625 1587 1587 42.7288
0.625 1588 1588 42.7323
0.625 1589 1589 42.7298
0.625 1590 1590 42.7288
0.625 1591 1591 42.7323
0.625 1592 1592 42.7298
0.625 1593 1593 42.7288
0.625 1594 1594 42.7323
0.625 1595 1595 42.7298
0.625 1596 1596 42.7288
0.625 1597 1597 42.7323
0.625 1598 1598 42.7298
0.625 1599 1599 42.7288
0.625 1600 1600 42.7323
0.625 1601 1601 42.7298
0.625 1602 1602 42.7288
0.625 1603 1603 42.7323
0.625 1604 1604 42.7298
0.625 1605 1605 42.7288
0.625 1606 1606 42.7323
0.625 1607 1607 42.7298
0.625 1608 1608 42.7288
0.625 1609 1609 42.7323
0.625 1610 1610 42.7298
0.625 1611 1611 42.7288
0.625 1612 1612 42.7323
0.625 1613 1613 42.7298
0.625 1614 1614 42.7288
0.625 1615 1615 42.7323
0.625 1616 1616 42.7298
0.625 1617 1617 42.7288
0.625 1618 1618 42.7323
0.625 1619 1619 42.7298
0.625 1620 1620 42.7288
0.625 1621 1621 42.7323
0.625 1622 1622 42.7298
0.625 1623 1623 42.7288
0.625 1624 1624 42.7323
0.625 1625 1625 42.7298
0.625 1626 1626 42.7288
0.625 1627 1627 42.7323
0.625 1628 1628 42.7298
0.625 1629 1629 42.7288
0.625 1630 1630 42.7323
0.625 1631 1631 42.7298
0.625 1632 1632 42.7288
0.625 1633 1633 42.7323
0.625 1634 1634 42.7298
0.625 1635 1635 42.7288
0.625 1636 1636 42.7323
0.625 1637 1637 42.7298
0.625 1638 1638 42.7288
0.625 1639 1639 42.7323
0.625 1640 1640 42.7298
0.625 1641 1641 42.7288
0.625 1642 1642 42.7323
0.625 1643 1643 42.7298
0.625 1644 1644 42.7288
0.625 1645 1645 42.7323
0.625 1646 1646 42.7298
0.625 1647 1647 42.7288
0.625 1648 1648 42.7323
0.625 1649 1649 42.7298
0.625 1650 1650 42.7288
0.625 1651 1651 42.7323
0.625 1652 1652 42.7298
0.625 1653 1653 42.7288
0.625 1654 1654 42.7323
0.625 1655 1655 42.7298
0.625 1656 1656 42.7288
0.625 1657 1657 42.7323
0.625 1658 1658 42.7298
0.625 1659 1659 42.7288
0.625 1660 1660 42.7323
0.625 1661 1661 42.7298
0.625 1662 1662 42.7288
0.625 1663 1663 42.7323
0.625 1664 1664 42.7298
0.625 1665 1665 42.7288
0.625 1666 1666 42.7323
0.625 1667 1667 42.7298
0.625 1668 1668 42.7288
0.625 1669 1669 42.7323
0.625 1670 1670 42.7298
0.625 1671 1671 42.7288
0.625 1672 1672 42.7323
0.625 1673 1673 42.7298
0.625 1674 1674 42.7288
0.625 1675 1675 42.7323
0.625 1676 1676 42.7298
0.625 1677 1677 42.7288
0.625 1678 1678 42.7323
0.625 1679 1679 42.7298
0.625 1680 1680 42.7288
0.625 1681 1681 42.7323
0.625 1682 1682 42.7298
0.625 1683 1683 42.7288
0.625 1684 1684 42.7323
0.625 1685 1685 42.7298
0.625 1686 1686 42.7288
0.625 1687 1687 42.7323
0.625 1688 1688 42.7298
0.625 1689 1689 42.7288
0.625 1690 1690 42.7323
0.625 1691 1691 42.7298
0.625 1692 1692 42.7288
0.625 1693 1693 42.7323
0.625 1694 1694 42.7298
0.625 1695 1695 42.7288
0.625 1696 1696 42.7323
0.625 1697 1697 42.7298
0.625 1698 1698 42.7288
0.625 1699 1699 42.7323
0.625 1700 1700 42.7298
0.625 1701 1701 42.7288
0.625 1702 1702 42.7323
0.625 1703 1703 42.7298
0.625 1704 1704 42.7288
0.625 1705 1705 42.7323
0.625 1706 1706 42.7298
0.625 1707 1707 42.7288
0.625 1708 1708 42.7323
0.625 1709 1709 42.7298
0.625 1710 1710 42.7288
0.625 1711 1711 42.7323
0.625 1712 1712 42.7298
0.625 1713 1713 42.7288
0.625 1714 1714 42.7323
0.625 1715 1715 42.7298
0.625 1716 1716 42.7288
0.625 1717 1717 42.7323
0.625 1718 1718 42.7298
0.625 1719 1719 42.7288
0.625 1720 1720 42.7323
0.625 1721 1721 42.7298
0.625 1722 1722 42.7288
0.625 1723 1723 42.7323
0.625 1724 1724 42.7298
0.625 1725 1725 42.7288
0.625 1726 1726 42.7323
0.625 1727 1727 42.7298
0.625 1728 1728 42.7288
0.625 1729 1729 42.7323
0.625 1730 1730 42.7298
0.625 1731 1731 42.7288
0.625 1732 1732 42.7323
0.625 1733 1733 42.7298
0.625 1734 1734 42.7288
0.625 1735 1735 42.7323
0.625 1736 1736 42.7298
0.625 1737 1737 42.7288
0.625 1738 1738 42.7323
0.625 1739 1739 42.7298
0.625 1740 1740 42.7288
0.625 1741 1741 42.7323
0.625 1742 1742 42.7298
0.625 1743 1743 42.7288
0.625 1744 1744 42.7323
0.625 1745 1745 42.7298
0.625 1746 1746 42.7288
0.625 1747 1747 42.7323
0.625 1748 1748 42.7298
0.625 1749 1749 42.7288
0.625 1750 1750 42.7323
0.625 1751 1751 42.7298
0.625 1752 1752 42.7288
0.625 1753 1753 42.7323
0.625 1754 1754 42.7298
0.625 1755 1755 42.7288
0.625 1756 1756 42.7323
0.625 1757 1757 42.7298
0.625 1758 1758 42.7288
0.625 1759 1759 42.7323
0.625 1760 1760 42.7298
0.625 1761 1761 42.7288
0.625 1762 1762 42.7323
0.625 1763 1763 42.7298
0.625 1764 1764 42.7288
0.625 1765 1765 42.7323
0.625 1766 1766 42.7298
0.625 1767 1767 42.7288
0.625 1768 1768 42.7323
0.625 1769 1769 42.7298
0.625 1770 1770 42.7288
0.625 1771 1771 42.7323
0.625 1772 1772 42.7298
0.625 1773 1773 42.7288
0.625 1774 1774 42.7323
0.625 1775 1775 42.7298
0.625 1776 1776 42.7288
0.625 1777 1777 42.7323
0.625 1778 1778 42.7298
0.625 1779 1779 42.7288
0.625 1780 1780 42.7323
0.625 1781 1781 42.7298
0.625 1782 1782 42.7288
0.625 1783 1783 42.7323
0.625 1784 1784 42.7298
0.625 1785 1785 42.7288
0.625 1786 1786 42.7323
0.625 1787 1787 42.7298
0.625 1788 1788 42.7288
0.625 1789 1789 42.7323
0.625 1790 1790 42.7298
0.625 1791 1791 42.7288
0.625 1792 1792 42.7323
0.625 1793 1793 42.7298
0.625 1794 1794 42.7288
0.625 1795 1795 42.7323
0.625 1796 1796 42.7298
0.625 1797 1797 42.7288
0.625 1798 1798 42.7323
0.625 1799 1799 42.7298
0.625 1800 1800 42.7288
0.625 1801 1801 42.7323
0.625 1802 1802 42.7298
0.625 1803 1803 42.7288
0.625 1804 1804 42.7323
0.625 1805 1805 42.7298
0.625 1806 1806 42.7288
0.625 1807 1807 42.7323
0.625 1808 1808 42.7298
0.625 1809 1809 42.7288
0.625 1810 1810 42.7323
0.625 1811 1811 42.7298
0.625 1812 1812 42.7288
0.625 1813 1813 42.7323
0.625 1814 1814 42.7298
0.625 1815 1815 42.7288
0.625 1816 1816 42.7323
0.625 1817 1817 42.7298
0.625 1818 1818 42.7288
0.625 1819 1819 42.7323
0.625 1820 1820 42.7298
0.625 1821 1821 42.7288
0.625 1822 1822 42.7323
0.625 1823 1823 42.7298
0.625 1824 1824 42.7288
0.625 1825 1825 42.7323
0.625 1826 1826 42.7298
0.625 1827 1827 42.7288
0.625 1828 1828 42.7323
0.625 1829 1829 42.7298
0.625 1830 1830 42.7288
0.625 1831 1831 42.7323
0.625 1832 1832 42.7298
0.625 1833 1833 42.7288
0.625 1834 1834 42.7323
0.625 1835 1835 42.7298
0.625 1836 1836 42.7288
0.625 1837 1837 42.7323
0.625 1838 1838 42.7298
0.625 1839 1839 42.7288
0.625 1840 1840 42.7323
0.625 1841 1841 42.7298
0.625 1842 1842 42.7288
0.625 1843 1843 42.7323
0.625 1844 1844 42.7298
0.625 1845 1845 42.7288
0.625 1846 1846 42.7323
0.625 1847 1847 42.7298
0.625 1848 1848 42.7288
0.625 1849 1849 42.7323
0.625 1850 1850 42.7298
0.625 1851 1851 42.7288
0.625 1852 1852 42.7323
0.625 1853 1853 42.7298
0.625 1854 1854 42.7288
0.625 1855 1855 42.7323
0.625 1856 1856 42.7298
0.625 1857 1857 42.7288
0.625 1858 1858 42.7323
0.625 1859 1859 42.7298
0.625 1860 1860 42.7288
0.625 1861 1861 42.7323
0.625 1862 1862 42.7298
0.625 1863 1863 42.7288
0.625 1864 1864 42.7323
0.625 1865 1865 42.7298
0.625 1866 1866 42.7288
0.625 1867 1867 42.7323
0.625 1868 1868 42.7298
0.625 1869 1869 42.7288
0.625 1870 1870 42.7323
0.625 1871 1871 42.7298
0.625 1872 1872 42.7288
0.625 1873 1873 42.7323
0.625 1874 1874 42.7298
0.625 1875 1875 42.7288
0.625 1876 1876 42.7323
0.625 1877 1877 42.7298
0.625 1878 1878 42.7288
0.625 1879 1879 42.7323
0.625 1880 1880 42.7298
0.625 1881 1881 42.7288
0.625 1882 1882 42.7323
0.625 1883 1883 42.7298
0.625 1884 1884 42.7288
0.625 1885 1885 42.7323
0.625 1886 1886 42.7298
0.625 1887 1887 42.7288
0.625 1888 1888 42.7323
0.625 1889 1889 42.7298
0.625 1890 1890 42.7288
0.625 1891 1891 42.7323
0.625 1892 1892 42.7298
0.625 1893 1893 42.7288
0.625 1894 1894 42.7323
0.625 1895 1895 42.7298
0.625 1896 1896 42.7288
0.625 1897 1897 42.7323
0.625 1898 1898 42.7298
0.625 1899 1899 42.7288
0.625 1900 1900 42.7323
0.625 1901 1901 42.7298
0.625 1902 1902 42.7288
0.625 1903 1903 42.7323
0.625 1904 1904 42.7298
0.625 1905 1905 42.7288
0.625 1906 1906 42.7323
0.625 1907 1907 42.7298
0.625 1908 1908 42.7288
0.625 1909 1909 42.7323
0.625 1910 1910 42.7298
0.625 1911 1911 42.7288
0.625 1912 1912 42.7323
0.625 1913 1913 42.7298
0.625 1914 1914 42.7288
0.625 1915 1915 42.7323
0.625 1916 1916 42.7298
0.625 1917 1917 42.7288
0.625 1918 1918 42.7323
0.625 1919 1919 42.7298
0.625 1920 1920 42.7288
0.625 1921 1921 42.7323
0.625 1922 1922 42.7298
0.625 1923 1923 42.7288
0.625 1924 1924 42.7323
0.625 1925 1925 42.7298
0.625 1926 1926 42.7288
0.625 1927 1927 42.7323
0.625 1928 1928 42.7298
0.625 1929 1929 42.7288
0.625 1930 1930 42.7323
0.625 1931 1931 42.7298
0.625 1932 1932 42.7288
0.625 1933 1933 42.7323
0.625 1934 1934 42.7298
0.625 1935 1935 42.7288
0.625 1936 1936 42.7323
0.625 1937 1937 42.7298
0.625 1938 1938 42.7288
0.625 1939 1939 42.7323
0.625 1940 1940 42.7298
0.625 1941 1941 42.7288
0.625 1942 1942 42.7323
0.625 1943 1943 42.7298
0.625 1944 1944 42.7288
0.625 1945 1945 42.7323
0.625 1946 1946 42.7298
0.625 1947 1947 42.7288
0.625 1948 1948 42.7323
0.625 1949 1949 42.7298
0.625 1950 1950 42.7288
0.625 1951 1951 42.7323
0.625 1952 1952 42.7298
0.625 1953 1953 42.7288
0.625 1954 1954 42.7323
0.625 1955 1955 42.7298
0.625 1956 1956 42.7288
0.625 1957 1957 42.7323
0.625 1958 1958 42.7298
0.625 1959 1959 42.7288
0.625 1960 1960 42.7323
0.625 1961 1961 42.7298
0.625 1962 1962 42.7288
0.625 1963 1963 42.7323
0.625 1964 1964 42.7298
0.625 1965 1965 42.7288
0.625 1966 1966 42.7323
0.625 1967 1967 42.7298
0.625 1968 1968 42.7288
0.625 1969 1969 42.7323
0.625 1970 1970 42.7298
0.625 1971 1971 42.7288
0.625 1972 1972 42.7323
0.625 1973 1973 42.7298
0.625 1974 1974 42.7288
0.625 1975 1975 42.7323
0.625 1976 1976 42.7298
0.625 1977 1977 42.7288
0.625 1978 1978 42.7323
0.625 1979 1979 42.7298
0.625 1980 1980 42.7288
0.625 1981 1981 42.7323
0.625 1982 1982 42.7298
0.625 1983 1983 42.7288
0.625 1984 1984 42.7323
0.625 1985 1985 42.7298
0.625 1986 1986 42.7288
0.625 1987 1987 42.7323
0.625 1988 1988 42.7298
0.625 1989 1989 42.7288
0.625 1990 1990 42.7323
0.625 1991 1991 42.7298
0.625 1992 1992 42.7288
0.625 1993 1993 42.7323
0.625 1994 1994 42.7298
0.625 1995 1995 42.7288
0.625 1996 1996 42.7323
0.625 1997 1997 42.7298
0.625 1998 1998 42.7288
0.625 1999 1999 42.7323
0.625 2000 2000 42.7298
0.625 2001 2001 42.7288
0.625 2002 2002 42.7323
0.625 2003 2003 42.7298
0.625 2004 2004 42.7288
0.625 2005 2005 42.7323
0.625 2006 2006 42.7298
0.625 2007 2007 42.7288
0.625 2008 2008 42.7323
0.625 2009 2009 42.7298
0.625 2010 2010 42.7288
0.625 2011 2011 42.7323
0.625 2012 2012 42.7298
0.625 2013 2013 42.7288
0.625 2014 2014 42.7323
0.625 2015 2015 42.7298
0.625 2016 2016 42.7288
0.625 2017 2017 42.7323
0.625 2018 2018 42.7298
0.625 2019 2019 42.7288
0.625 2020 2020 42.7323
0.625 2021 2021 42.7298
0.625 2022 2022 42.7288
0.625 2023 2023 42.7323
0.625 2024 2024 42.7298
0.625 2025 2025 42.7288
0.625 2026 2026 42.7323
0.625 2027 2027 42.7298
0.625 2028 2028 42.7288
0.625 2029 2029 42.7323
0.625 2030 2030 42.7298
0.625 2031 2031 42.7288
0.625 2032 2032 42.7323
0.625 2033 2033 42.7298
0.625 2034 2034 42.7288
0.625 2035 2035 42.7323
0.625 2036 2036 42.7298
0.625 2037 2037 42.7288
0.625 2038 2038 42.7323
0.625 2039 2039 42.7298
0.625 2040 2040 42.7288
0.625 2041 2041 42.7323
0.625 2042 2042 42.7298
0.625 2043 2043 42.7288
0.625 2044 2044 42.7323
0.625 2045 2045 42.7298
0.625 2046 2046 42.7288
0.625 2047 2047 42.7323
0.625 2048 2048 42.7298
0.625 2049 2049 42.7288
0.625 2050 2050 42.7323
0.625 2051 2051 42.7298
0.625 2052 2052 42.7288
0.625 2053 2053 42.7323
0.625 2054 2054 42.7298
0.625 2055 2055 42.7288
0.625 2056 2056 42.7323
0.625 2057 2057 42.7298
0.625 2058 2058 42.7288
0.625 2059 2059 42.7323
0.625 2060 2060 42.7298
0.625 2061 2061 42.7288
0.625 2062 2062 42.7323
0.625 2063 2063 42.7298
0.625 2064 2064 42.7288
0.625 2065 2065 42.7323
0.625 2066 2066 42.7298
0.625 2067 2067 42.7288
0.625 2068 2068 42.7323
0.625 2069 2069 42.7298
0.625 2070 2070 42.7288
0.625 2071 2071 42.7323
0.625 2072 2072 42.7298
0.625 2073 2073 42.7288
0.625 2074 2074 42.7323
0.625 2075 2075 42.7298
0.625 2076 2076 42.7288
0.625 2077 2077 42.7323
0.625 2078 2078 42.7298
0.625 2079 2079 42.7288
0.625 2080 2080 42.7323
0.625 2081 2081 42.7298
0.625 2082 2082 42.7288
0.625 2083 2083 42.7323
0.625 2084 2084 42.7298
0.625 2085 2085 42.7288
0.625 2086 2086 42.7323
0.625 2087 2087 42.7298
0.625 2088 2088 42.7288
0.625 2089 2089 42.7323
0.625 2090 2090 42.7298
0.625 2091 2091 42.7288
0.625 2092 2092 42.7323
0.625 2093 2093 42.7298
0.625 2094 2094 42.7288
0.625 2095 2095 42.7323
0.625 2096 2096 42.7298
0.625 2097 2097 42.7288
0.5 2098 2098 42.8583
0.5 2099 2099 42.8581
0.5 2100 2100 42.8581
0.5 2101 2101 42.8583
0.5 2102 2102 42.8581
0.5 2103 2103 42.8581
0.5 2104 2104 42.8583
0.5 2105 2105 42.8581
0.5 2106 2106 42.8583
0.5 2107 2107 42.8581
0.5 2108 2108 42.8581
0.5 2109 2109 42.8583
0.5 2110 2110 42.8581
0.5 2111 2111 42.8581
0.5 2112 2112 42.8583
0.5 2113 2113 42.8581
0.5 2114 2114 42.8583
0.5 2115 2115 42.8581
0.5 2116 2116 42.8581
0.5 2117 2117 42.8583
0.5 2118 2118 42.8581
0.5 2119 2119 42.8581
0.5 2120 2120 42.8583
0.5 2121 2121 42.8581
0.5 2122 2122 42.8583
0.5 2123 2123 42.8581
0.5 2124 2124 42.8581
0.5 2125 2125 42.8583
0.5 2126 2126 42.8581
0.5 2127 2127 42.8581
0.5 2128 2128 42.8583
0.5 2129 2129 42.8581
0.5 2130 2130 42.8583
0.5 2131 2131 42.8581
0.5 2132 2132 42.8581
0.5 2133 2133 42.8583
0.5 2134 2134 42.8581
0.5 2135 2135 42.8581
0.5 2136 2136 42.8583
0.5 2137 2137 42.8581
0.5 2138 2138 42.8583
0.5 2139 2139 42.8581
0.5 2140 2140 42.8581
0.5 2141 2141 42.8583
0.5 2142 2142 42.8581
0.5 2143 2143 42.8581
0.5 2144 2144 42.8583
0.5 2145 2145 42.8581
0.5 2146 2146 42.8583
0.5 2147 2147 42.8581
0.5 2148 2148 42.8581
0.5 2149 2149 42.8583
0.5 2150 2150 42.8581
0.5 2151 2151 42.8581
0.5 2152 2152 42.8583
0.5 2153 2153 42.8581
0.5 2154 2154 42.8583
0.5 2155 2155 42.8581
0.5 2156 2156 42.8581
0.5 2157 2157 42.8583
0.5 2158 2158 42.8581
0.5 2159 2159 42.8581
0.5 2160 2160 42.8583
0.5 2161 2161 42.8581
0.5 2162 2162 42.8583
0.5 2163 2163 42.8581
0.5 2164 2164 42.8581
0.5 2165 2165 42.8583
0.5 2166 2166 42.8581
0.5 2167 2167 42.8581
0.5 2168 2168 42.8583
0.5 2169 2169 42.8581
0.5 2170 2170 42.8583
0.5 2171 2171 42.8581
0.5 2172 2172 42.8581
0.5 2173 2173 42.8583
0.5 2174 2174 42.8581
0.5 2175 2175 42.8581
0.5 2176 2176 42.8583
0.5 2177 2177 42.8581
0.5 2178 2178 42.8583
0.5 2179 2179 42.8581
0.5 2180 2180 42.8581
0.5 2181 2181 42.8583
0.5 2182 2182 42.8581
0.5 2183 2183 42.8581
0.5 2184 2184 42.8583
0.5 2185 2185 42.8581
0.5 2186 2186 42.8583
0.5 2187 2187 42.8581
0.5 2188 2188 42.8581
0.5 2189 2189 42.8583
0.5 2190 2190 42.8581
0.5 2191 2191 42.8581
0.5 2192 2192 42.8583
0.5 2193 2193 42.8581
0.5 2194 2194 42.8583
0.5 2195 2195 42.8581
0.5 2196 2196 42.8581
0.5 2197 2197 42.8583
0.5 2198 2198 42.8581
0.5 2199 2199 42.8581
0.5 2200 2200 42.8583
0.5 2201 2201 42.8581
0.5 2202 2202 42.8583
0.5 2203 2203 42.8581
0.5 2204 2204 42.8581
0.5 2205 2205 42.8583
0.5 2206 2206 42.8581
0.5 2207 2207 42.8581
0.5 2208 2208 42.8583
0.5 2209 2209 42.8581
0.5 2210 2210 42.8583
0.5 2211 2211 42.8581
0.5 2212 2212 42.8581
0.5 2213 2213 42.8583
0.5 2214 2214 42.8581
0.5 2215 2215 42.8581
0.5 2216 2216 42.8583
0.5 2217 2217 42.8581
0.5 2218 2218 42.8583
0.5 2219 2219 42.8581
0.5 2220 2220 42.8581
0.5 2221 2221 42.8583
0.5 2222 2222 42.8581
0.5 2223 2223 42.8581
0.5 2224 2224 42.8583
0.5 2225 2225 42.8581
0.5 2226 2226 42.8583
0.5 2227 2227 42.8581
0.5 2228 2228 42.8581
0.5 2229 2229 42.8583
0.5 2230 2230 42.8581
0.5 2231 2231 42.8581
0.5 2232 2232 42.8583
0.5 2233 2233 42.8581
0.5 2234 2234 42.8583
0.5 2235 2235 42.8581
0.5 2236 2236 42.8581
0.5 2237 2237 42.8583
0.5 2238 2238 42.8581
0.5 2239 2239 42.8581
0.5 2240 2240 42.8583
0.5 2241 2241 42.8581
0.5 2242 2242 42.8583
0.5 2243 2243 42.8581
0.5 2244 2244 42.8581
0.5 2245 2245 42.8583
0.5 2246 2246 42.8581
0.5 2247 2247 42.8581
0.5 2248 2248 42.8583
0.5 2249 2249 42.8581
0.5 2250 2250 42.8583
0.5 2251 2251 42.8581
0.5 2252 2252 42.8581
0.5 2253 2253 42.8583
0.5 2254 2254 42.8581
0.5 2255 2255 42.8581
0.5 2256 2256 42.8583
0.5 2257 2257 42.8581
0.5 2258 2258 42.8583
0.5 2259 2259 42.8581
0.5 2260 2260 42.8581
0.5 2261 2261 42.8583
0.5 2262 2262 42.8581
0.5 2263 2263 42.8581
0.5 2264 2264 42.8583
0.5 2265 2265 42.8581
0.5 2266 2266 42.8583
0.5 2267 2267 42.8581
0.5 2268 2268 42.8581
0.5 2269 2269 42.8583
0.5 2270 2270 42.8581
0.5 2271 2271 42.8581
0.5 2272 2272 42.8583
0.5 2273 2273 42.8581
0.5 2274 2274 42.8583
0.5 2275 2275 42.8581
0.5 2276 2276 42.8581
0.5 2277 2277 42.8583
0.5 2278 2278 42.8581
0.5 2279 2279 42.8581
0.5 2280 2280 42.8583
0.5 2281 2281 42.8581
0.5 2282 2282 42.8583
0.5 2283 2283 42.8581
0.5 2284 2284 42.8581
0.5 2285 2285 42.8583
0.5 2286 2286 42.8581
0.5 2287 2287 42.8581
0.5 2288 2288 42.8583
0.5 2289 2289 42.8581
0.5 2290 2290 42.8583
0.5 2291 2291 42.8581
0.5 2292 2292 42.8581
0.5 2293 2293 42.8583
0.5 2294 2294 42.8581
0.5 2295 2295 42.8581
0.5 2296 2296 42.8583
0.5 2297 2297 42.8581
0.5 2298 2298 42.8583
0.5 2299 2299 42.8581
0.5 2300 2300 42.8581
0.5 2301 2301 42.8583
0.5 2302 2302 42.8581
0.5 2303 2303 42.8581
0.5 2304 2304 42.8583
0.5 2305 2305 42.8581
0.5 2306 2306 42.8583
0.5 2307 2307 42.8581
0.5 2308 2308 42.8581
0.5 2309 2309 42.8583
0.5 2310 2310 42.8581
0.5 2311 2311 42.8581
0.5 2312 2312 42.8583
0.5 2313 2313 42.8581
0.5 2314 2314 42.8583
0.5 2315 2315 42.8581
0.5 2316 2316 42.8581
0.5 2317 2317 42.8583
0.5 2318 2318 42.8581
0.5 2319 2319 42.8581
0.5 2320 2320 42.8583
0.5 2321 2321 42.8581
0.5 2322 2322 42.8583
0.5 2323 2323 42.8581
0.5 2324 2324 42.8581
0.5 2325 2325 42.8583
0.5 2326 2326 42.8581
0.5 2327 2327 42.8581
0.5 2328 2328 42.8583
0.5 2329 2329 42.8581
0.5 2330 2330 42.8583
0.5 2331 2331 42.8581
0.5 2332 2332 42.8581
0.5 2333 2333 42.8583
0.5 2334 2334 42.8581
0.5 2335 2335 42.8581
0.5 2336 2336 42.8583
0.5 2337 2337 42.8581
0.5 2338 2338 42.8583
0.5 2339 2339 42.8581
0.5 2340 2340 42.8581
0.5 2341 2341 42.8583
0.5 2342 2342 42.8581
0.5 2343 2343 42.8581
0.5 2344 2344 42.8583
0.5 2345 2345 42.8581
0.5 2346 2346 42.8583
0.5 2347 2347 42.8581
0.5 2348 2348 42.8581
0.5 2349 2349 42.8583
0.5 2350 2350 42.8581
0.5 2351 2351 42.8581
0.5 2352 2352 42.8583
0.5 2353 2353 42.8581
0.5 2354 2354 42.8583
0.5 2355 2355 42.8581
0.5 2356 2356 42.8581
0.5 2357 2357 42.8583
0.5 2358 2358 42.8581
0.5 2359 2359 42.8581
0.5 2360 2360 42.8583
0.5 2361 2361 42.8581
0.5 2362 2362 42.8583
0.5 2363 2363 42.8581
0.5 2364 2364 42.8581
0.5 2365 2365 42.8583
0.5 2366 2366 42.8581
0.5 2367 2367 42.8581
0.5 2368 2368 42.8583
0.5 2369 2369 42.8581
0.5 2370 2370 42.8583
0.5 2371 2371 42.8581
0.5 2372 2372 42.8581
0.5 2373 2373 42.8583
0.5 2374 2374 42.8581
0.5 2375 2375 42.8581
0.5 2376 2376 42.8583
0.5 2377 2377 42.8581
0.5 2378 2378 42.8583
0.5 2379 2379 42.8581
0.5 2380 2380 42.8581
0.5 2381 2381 42.8583
0.5 2382 2382 42.8581
0.5 2383 2383 42.8581
0.5 2384 2384 42.8583
0.5 2385 2385 42.8581
0.5 2386 2386 42.8583
0.5 2387 2387 42.8581
0.5 2388 2388 42.8581
0.5 2389 2389 42.8583
0.5 2390 2390 42.8581
0.5 2391 2391 42.8581
0.5 2392 2392 42.8583
0.5 2393 2393 42.8581
0.5 2394 2394 42.8583
0.5 2395 2395 42.8581
0.5 2396 2396 42.8581
0.5 2397 2397 42.8583
0.5 2398 2398 42.8581
0.5 2399 2399 42.8581
0.5 2400 2400 42.8583
0.5 2401 2401 42.8581
0.5 2402 2402 42.8583
0.5 2403 2403 42.8581
0.5 2404 2404 42.8581
0.5 2405 2405 42.8583
0.5 2406 2406 42.8581
0.5 2407 2407 42.8583
0.5 2408 2408 42.8581
0.5 2409 2409 42.8581
0.5 2410 2410 42.8583
0.5 2411 2411 42.8581
0.5 2412 2412 42.8581
0.5 2413 2413 42.8583
0.5 2414 2414 42.8581
0.5 2415 2415 42.8583
0.5 2416 2416 42.8581
0.5 2417 2417 42.8581
0.5 2418 2418 42.8583
0.5 2419 2419 42.8581
0.5 2420 2420 42.8581
0.5 2421 2421 42.8583
0.5 2422 2422 42.8581
0.5 2423 2423 42.8583
0.5 2424 2424 42.8581
0.5 2425 2425 42.8581
0.5 2426 2426 42.8583
0.5 2427 2427 42.8581
0.5 2428 2428 42.8581
0.5 2429 2429 42.8583
0.5 2430 2430 42.8581
0.5 2431 2431 42.8583
0.5 2432 2432 42.8581
0.5 2433 2433 42.8581
0.5 2434 2434 42.8583
0.5 2435 2435 42.8581
0.5 2436 2436 42.8581
0.5 2437 2437 42.8583
0.5 2438 2438 42.8581
0.5 2439 2439 42.8583
0.5 2440 2440 42.8581
0.5 2441 2441 42.8581
0.5 2442 2442 42.8583
0.5 2443 2443 42.8581
0.5 2444 2444 42.8581
0.5 2445 2445 42.8583
0.5 2446 2446 42.8581
0.5 2447 2447 42.8583
0.5 2448 2448 42.8581
0.5 2449 2449 42.8581
0.5 2450 2450 42.8583
0.5 2451 2451 42.8581
0.5 2452 2452 42.8581
0.5 2453 2453 42.8583
0.5 2454 2454 42.8581
0.5 2455 2455 42.8583
0.5 2456 2456 42.8581
0.5 2457 2457 42.8581
0.5 2458 2458 42.8583
0.5 2459 2459 42.8581
0.5 2460 2460 42.8581
0.5 2461 2461 42.8583
0.5 2462 2462 42.8581
0.5 2463 2463 42.8583
0.5 2464 2464 42.8581
0.5 2465 2465 42.8581
0.5 2466 2466 42.8583
0.5 2467 2467 42.8581
0.5 2468 2468 42.8581
0.5 2469 2469 42.8583
0.5 2470 2470 42.8581
0.5 2471 2471 42.8583
0.5 2472 2472 42.8581
0.5 2473 2473 42.8581
0.5 2474 2474 42.8583
0.5 2475 2475 42.8581
0.5 2476 2476 42.8581
0.5 2477 2477 42.8583
0.5 2478 2478 42.8581
0.5 2479 2479 42.8583
0.5 2480 2480 42.8581
0.5 2481 2481 42.8581
0.5 2482 2482 42.8583
0.5 2483 2483 42.8581
0.5 2484 2484 42.8581
0.5 2485 2485 42.8583
0.5 2486 2486 42.8581
0.5 2487 2487 42.8583
0.5 2488 2488 42.8581
0.5 2489 2489 42.8581
0.5 2490 2490 42.8583
0.5 2491 2491 42.8581
0.5 2492 2492 42.8581
0.5 2493 2493 42.8583
0.5 2494 2494 42.8581
0.5 2495 2495 42.8583
0.5 2496 2496 42.8581
0.5 2497 2497 42.8581
0.5 2498 2498 42.8583
0.5 2499 2499 42.8581
0.5 2500 2500 42.8581
0.5 2501 2501 42.8583
0.5 2502 2502 42.8581
0.5 2503 2503 42.8583
0.5 2504 2504 42.8581
0.5 2505 2505 42.8581
0.5 2506 2506 42.8583
0.5 2507 2507 42.8581
0.5 2508 2508 42.8581
0.5 2509 2509 42.8583
0.5 2510 2510 42.8581
0.5 2511 2511 42.8583
0.5 2512 2512 42.8581
0.5 2513 2513 42.8581
0.5 2514 2514 42.8583
0.5 2515 2515 42.8581
0.5 2516 2516 42.8581
0.5 2517 2517 42.8583
0.5 2518 2518 42.8581
0.5 2519 2519 42.8583
0.5 2520 2520 42.8581
0.5 2521 2521 42.8581
0.5 2522 2522 42.8583
0.5 2523 2523 42.8581
0.5 2524 2524 42.8581
0.5 2525 2525 42.8583
0.5 2526 2526 42.8581
0.5 2527 2527 42.8583
0.5 2528 2528 42.8581
0.5 2529 2529 42.8581
0.5 2530 2530 42.8583
0.5 2531 2531 42.8581
0.5 2532 2532 42.8581
0.5 2533 2533 42.8583
0.5 2534 2534 42.8581
0.5 2535 2535 42.8583
0.5 2536 2536 42.8581
0.5 2537 2537 42.8581
0.5 2538 2538 42.8583
0.5 2539 2539 42.8581
0.5 2540 2540 42.8581
0.5 2541 2541 42.8583
0.5 2542 2542 42.8581
0.5 2543 2543 42.8583
0.5 2544 2544 42.8581
0.5 2545 2545 42.8581
0.5 2546 2546 42.8583
0.5 2547 2547 42.8581
0.5 2548 2548 42.8581
0.5 2549 2549 42.8583
0.5 2550 2550 42.8581
0.5 2551 2551 42.8583
0.5 2552 2552 42.8581
0.5 2553 2553 42.8581
0.5 2554 2554 42.8583
0.5 2555 2555 42.8581
0.5 2556 2556 42.8581
0.5 2557 2557 42.8583
0.5 2558 2558 42.8581
0.5 2559 2559 42.8583
0.5 2560 2560 42.8581
0.5 2561 2561 42.8581
0.5 2562 2562 42.8583
0.5 2563 2563 42.8581
0.5 2564 2564 42.8581
0.5 2565 2565 42.8583
0.5 2566 2566 42.8581
0.5 2567 2567 42.8583
0.5 2568 2568 42.8581
0.5 2569 2569 42.8581
0.5 2570 2570 42.8583
0.5 2571 2571 42.8581
0.5 2572 2572 42.8581
0.5 2573 2573 42.8583
0.5 2574 2574 42.8581
0.5 2575 2575 42.8583
0.5 2576 2576 42.8581
0.5 2577 2577 42.8581
0.5 2578 2578 42.8583
0.5 2579 2579 42.8581
0.5 2580 2580 42.8581
0.5 2581 2581 42.8583
0.5 2582 2582 42.8581
0.5 2583 2583 42.8583
0.5 2584 2584 42.8581
0.5 2585 2585 42.8581
0.5 2586 2586 42.8583
0.5 2587 2587 42.8581
0.5 2588 2588 42.8581
0.5 2589 2589 42.8583
0.5 2590 2590 42.8581
0.5 2591 2591 42.8583
0.5 2592 2592 42.8581
0.5 2593 2593 42.8581
0.5 2594 2594 42.8583
0.5 2595 2595 42.8581
0.5 2596 2596 42.8581
0.5 2597 2597 42.8583
0.5 2598 2598 42.8581
0.5 2599 2599 42.8583
0.5 2600 2600 42.8581
0.5 2601 2601 42.8581
0.5 2602 2602 42.8583
0.5 2603 2603 42.8581
0.5 2604 2604 42.8581
0.5 2605 2605 42.8583
0.5 2606 2606 42.8581
0.5 2607 2607 42.8583
0.5 2608 2608 42.8581
0.5 2609 2609 42.8581
0.5 2610 2610 42.8583
0.5 2611 2611 42.8581
0.5 2612 2612 42.8581
0.5 2613 2613 42.8583
0.5 2614 2614 42.8581
0.5 2615 2615 42.8583
0.5 2616 2616 42.8581
0.5 2617 2617 42.8581
0.5 2618 2618 42.8583
0.5 2619 2619 42.8581
0.5 2620 2620 42.8581
0.5 2621 2621 42.8583
0.5 2622 2622 42.8581
0.5 2623 2623 42.8583
0.5 2624 2624 42.8581
0.5 2625 2625 42.8581
0.5 2626 2626 42.8583
0.5 2627 2627 42.8581
0.5 2628 2628 42.8581
0.5 2629 2629 42.8583
0.5 2630 2630 42.8581
0.5 2631 2631 42.8583
0.5 2632 2632 42.8581
0.5 2633 2633 42.8581
0.5 2634 2634 42.8583
0.5 2635 2635 42.8581
0.5 2636 2636 42.8581
0.5 2637 2637 42.8583
0.5 2638 2638 42.8581
0.5 2639 2639 42.8583
0.5 2640 2640 42.8581
0.5 2641 2641 42.8581
0.5 2642 2642 42.8583
0.5 2643 2643 42.8581
0.5 2644 2644 42.8581
0.5 2645 2645 42.8583
0.5 2646 2646 42.8581
0.5 2647 2647 42.8583
0.5 2648 2648 42.8581
0.5 2649 2649 42.8581
0.5 2650 2650 42.8583
0.5 2651 2651 42.8581
0.5 2652 2652 42.8581
0.5 2653 2653 42.8583
0.5 2654 2654 42.8581
0.5 2655 2655 42.8583
0.5 2656 2656 42.8581
0.5 2657 2657 42.8581
0.5 2658 2658 42.8583
0.5 2659 2659 42.8581
0.5 2660 2660 42.8581
0.5 2661 2661 42.8583
0.5 2662 2662 42.8581
0.5 2663 2663 42.8583
0.5 2664 2664 42.8581
0.5 2665 2665 42.8581
0.5 2666 2666 42.8583
0.5 2667 2667 42.8581
0.5 2668 2668 42.8581
0.5 2669 2669 42.8583
0.5 2670 2670 42.8581
0.5 2671 2671 42.8583
0.5 2672 2672 42.8581
0.5 2673 2673 42.8581
0.5 2674 2674 42.8583
0.5 2675 2675 42.8581
0.5 2676 2676 42.8581
0.5 2677 2677 42.8583
0.5 2678 2678 42.8581
0.5 2679 2679 42.8583
0.5 2680 2680 42.8581
0.5 2681 2681 42.8581
0.5 2682 2682 42.8583
0.5 2683 2683 42.8581
0.5 2684 2684 42.8581
0.5 2685 2685 42.8583
0.5 2686 2686 42.8581
0.5 2687 2687 42.8583
0.5 2688 2688 42.8581
0.5 2689 2689 42.8581
0.5 2690 2690 42.8583
0.5 2691 2691 42.8581
0.5 2692 2692 42.8581
0.5 2693 2693 42.8583
0.5 2694 2694 42.8581
0.5 2695 2695 42.8583
0.5 2696 2696 42.8581
0.5 2697 2697 42.8581
0.5 2698 2698 42.8583
0.5 2699 2699 42.8581
0.5 2700 2700 42.8581
0.5 2701 2701 42.8583
0.5 2702 2702 42.8581
0.5 2703 2703 42.8583
0.5 2704 2704 42.8581
0.5 2705 2705 42.8581
0.5 2706 2706 42.8583
0.5 2707 2707 42.8581
0.5 2708 2708 42.8581
0.5 2709 2709 42.8583
0.5 2710 2710 42.8581
0.5 2711 2711 42.8583
0.5 2712 2712 42.8581
0.5 2713 2713 42.8581
0.5 2714 2714 42.8583
0.5 2715 2715 42.8581
0.5 2716 2716 42.8581
0.5 2717 2717 42.8583
0.5 2718 2718 42.8581
0.5 2719 2719 42.8583
0.5 2720 2720 42.8581
0.5 2721 2721 42.8581
0.5 2722 2722 42.8583
0.5 2723 2723 42.8581
0.5 2724 2724 42.8581
0.5 2725 2725 42.8583
0.5 2726 2726 42.8581
0.5 2727 2727 42.8583
0.5 2728 2728 42.8581
0.5 2729 2729 42.8581
0.5 2730 2730 42.8583
0.5 2731 2731 42.8581
0.5 2732 2732 42.8581
0.5 2733 2733 42.8583
0.5 2734 2734 42.8581
0.5 2735 2735 42.8583
0.5 2736 2736 42.8581
0.5 2737 2737 42.8581
0.5 2738 2738 42.8583
0.5 2739 2739 42.8581
0.5 2740 2740 42.8581
0.5 2741 2741 42.8583
0.5 2742 2742 42.8581
0.5 2743 2743 42.8583
0.5 2744 2744 42.8581
0.5 2745 2745 42.8581
0.5 2746 2746 42.8583
0.5 2747 2747 42.8581
0.5 2748 2748 42.8581
0.5 2749 2749 42.8583
0.5 2750 2750 42.8581
0.5 2751 2751 42.8583
0.5 2752 2752 42.8581
0.5 2753 2753 42.8581
0.5 2754 2754 42.8583
0.5 2755 2755 42.8581
0.5 2756 2756 42.8581
0.5 2757 2757 42.8583
0.5 2758 2758 42.8581
0.5 2759 2759 42.8583
0.5 2760 2760 42.8581
0.5 2761 2761 42.8581
0.5 2762 2762 42.8583
0.5 2763 2763 42.8581
0.5 2764 2764 42.8581
0.5 2765 2765 42.8583
0.5 2766 2766 42.8581
0.5 2767 2767 42.8583
0.5 2768 2768 42.8581
0.5 2769 2769 42.8581
0.5 2770 2770 42.8583
0.5 2771 2771 42.8581
0.5 2772 2772 42.8581
0.5 2773 2773 42.8583
0.5 2774 2774 42.8581
0.5 2775 2775 42.8583
0.5 2776 2776 42.8581
0.5 2777 2777 42.8581
0.5 2778 2778 42.8583
0.5 2779 2779 42.8581
0.5 2780 2780 42.8581
0.5 2781 2781 42.8583
0.5 2782 2782 42.8581
0.5 2783 2783 42.8583
0.5 2784 2784 42.8581
0.5 2785 2785 42.8581
0.5 2786 2786 42.8583
0.5 2787 2787 42.8581
0.5 2788 2788 42.8581
0.5 2789 2789 42.8583
0.5 2790 2790 42.8581
0.5 2791 2791 42.8583
0.5 2792 2792 42.8581
0.5 2793 2793 42.8581
0.5 2794 2794 42.8583
0.5 2795 2795 42.8581
0.5 2796 2796 42.8581
0.5 2797 2797 42.8583
0.5 2798 2798 42.8581
0.5 2799 2799 42.8583
0.5 2800 2800 42.8581
0.5 2801 2801 42.8581
0.5 2802 2802 42.8583
0.5 2803 2803 42.8581
0.5 2804 2804 42.8581
0.5 2805 2805 42.8583
0.5 2806 2806 42.8581
0.5 2807 2807 42.8583
0.5 2808 2808 42.8581
0.5 2809 2809 42.8581
0.5 2810 2810 42.8583
0.5 2811 2811 42.8581
0.5 2812 2812 42.8581
0.5 2813 2813 42.8583
0.5 2814 2814 42.8581
0.5 2815 2815 42.8583
0.5 2816 2816 42.8581
0.5 2817 2817 42.8581
0.5 2818 2818 42.8583
0.5 2819 2819 42.8581
0.5 2820 2820 42.8581
0.5 2821 2821 42.8583
0.5 2822 2822 42.8581
0.5 2823 2823 42.8583
0.5 2824 2824 42.8581
0.5 2825 2825 42.8581
0.5 2826 2826 42.8583
0.5 2827 2827 42.8581
0.5 2828 2828 42.8581
0.5 2829 2829 42.8583
0.5 2830 2830 42.8581
0.5 2831 2831 42.8583
0.5 2832 2832 42.8581
0.5 2833 2833 42.8581
0.5 2834 2834 42.8583
0.5 2835 2835 42.8581
0.5 2836 2836 42.8581
0.5 2837 2837 42.8583
0.5 2838 2838 42.8581
0.5 2839 2839 42.8583
0.5 2840 2840 42.8581
0.5 2841 2841 42.8581
0.5 2842 2842 42.8583
0.5 2843 2843 42.8581
0.5 2844 2844 42.8581
0.5 2845 2845 42.8583
0.5 2846 2846 42.8581
0.5 2847 2847 42.8583
0.5 2848 2848 42.8581
0.5 2849 2849 42.8581
0.5 2850 2850 42.8583
0.5 2851 2851 42.8581
0.5 2852 2852 42.8581
0.5 2853 2853 42.8583
0.5 2854 2854 42.8581
0.5 2855 2855 42.8581
0.5 2856 2856 42.8583
0.5 2857 2857 42.8581
0.5 2858 2858 42.8581
0.5 2859 2859 42.8583
0.5 2860 2860 42.8581
0.5 2861 2861 42.8581
0.5 2862 2862 42.8583
0.5 2863 2863 42.8581
0.5 2864 2864 42.8581
0.5 2865 2865 42.8583
0.5 2866 2866 42.8581
0.5 2867 2867 42.8583
0.5 2868 2868 42.8581
0.5 2869 2869 42.8581
0.5 2870 2870 42.8583
0.5 2871 2871 42.8581
0.5 2872 2872 42.8581
0.5 2873 2873 42.8583
0.5 2874 2874 42.8581
0.5 2875 2875 42.8583
0.5 2876 2876 42.8581
0.5 2877 2877 42.8581
0.5 2878 2878 42.8583
0.5 2879 2879 42.8581
0.5 2880 2880 42.8581
0.5 2881 2881 42.8583
0.5 2882 2882 42.8581
0.5 2883 2883 42.8583
0.5 2884 2884 42.8581
0.5 2885 2885 42.8581
0.5 2886 2886 42.8583
0.5 2887 2887 42.8581
0.5 2888 2888 42.8581
0.5 2889 2889 42.8583
0.5 2890 2890 42.8581
0.5 2891 2891 42.8583
0.5 2892 2892 42.8581
0.5 2893 2893 42.8581
0.5 2894 2894 42.8583
0.5 2895 2895 42.8581
0.5 2896 2896 42.8581
0.5 2897 2897 42.8583
0.5 2898 2898 42.8581
0.5 2899 2899 42.8583
0.5 2900 2900 42.8581
0.5 2901 2901 42.8581
0.5 2902 2902 42.8583
0.5 2903 2903 42.8581
0.5 2904 2904 42.8581
0.5 2905 2905 42.8583
0.5 2906 2906 42.8581
0.5 2907 2907 42.8583
0.5 2908 2908 42.8581
0.5 2909 2909 42.8581
0.5 2910 2910 42.8583
0.5 2911 2911 42.8581
0.5 2912 2912 42.8581
0.5 2913 2913 42.8583
0.5 2914 2914 42.8581
0.5 2915 2915 42.8583
0.5 2916 2916 42.8581
0.5 2917 2917 42.8581
0.5 2918 2918 42.8583
0.5 2919 2919 42.8581
0.5 2920 2920 42.8581
0.5 2921 2921 42.8583
0.5 2922 2922 42.8581
0.5 2923 2923 42.8583
0.5 2924 2924 42.8581
0.5 2925 2925 42.8581
0.5 2926 2926 42.8583
0.5 2927 2927 42.8581
0.5 2928 2928 42.8581
0.5 2929 2929 42.8583
0.5 2930 2930 42.8581
0.5 2931 2931 42.8583
0.5 2932 2932 42.8581
0.5 2933 2933 42.8581
0.5 2934 2934 42.8583
0.5 2935 2935 42.8581
0.5 2936 2936 42.8581
0.5 2937 2937 42.8583
0.5 2938 2938 42.8581
0.5 2939 2939 42.8583
0.5 2940 2940 42.8581
0.5 2941 2941 42.8581
0.5 2942 2942 42.8583
0.5 2943 2943 42.8581
0.5 2944 2944 42.8581
0.5 2945 2945 42.8583
0.5 2946 2946 42.8581
0.5 2947 2947 42.8583
0.5 2948 2948 42.8581
0.5 2949 2949 42.8581
0.5 2950 2950 42.8583
0.5 2951 2951 42.8581
0.5 2952 2952 42.8581
0.5 2953 2953 42.8583
0.5 2954 2954 42.8581
0.5 2955 2955 42.8583
0.5 2956 2956 42.8581
0.5 2957 2957 42.8581
0.5 2958 2958 42.8583
0.5 2959 2959 42.8581
0.5 2960 2960 42.8581
0.5 2961 2961 42.8583
0.5 2962 2962 42.8581
0.5 2963 2963 42.8583
0.5 2964 2964 42.8581
0.5 2965 2965 42.8581
0.5 2966 2966 42.8583
0.5 2967 2967 42.8581
0.5 2968 2968 42.8581
0.5 2969 2969 42.8583
0.5 2970 2970 42.8581
0.5 2971 2971 42.8583
0.5 2972 2972 42.8581
0.5 2973 2973 42.8581
0.5 2974 2974 42.8583
0.5 2975 2975 42.8581
0.5 2976 2976 42.8581
0.5 2977 2977 42.8583
0.5 2978 2978 42.8581
0.5 2979 2979 42.8583
0.5 2980 2980 42.8581
0.5 2981 2981 42.8581
0.5 2982 2982 42.8583
0.5 2983 2983 42.8581
0.5 2984 2984 42.8581
0.5 2985 2985 42.8583
0.5 2986 2986 42.8581
0.5 2987 2987 42.8583
0.5 2988 2988 42.8581
0.5 2989 2989 42.8581
0.5 2990 2990 42.8583
0.5 2991 2991 42.8581
0.5 2992 2992 42.8581
0.5 2993 2993 42.8583
0.5 2994 2994 42.8581
0.5 2995 2995 42.8583
0.5 2996 2996 42.8581
0.5 2997 2997 42.8581
0.5 2998 2998 42.8583
0.5 2999 2999 42.8581
0.5 3000 3000 42.8581
0.5 3001 3001 42.8583
0.5 3002 3002 42.8581
0.5 3003 3003 42.8583
0.5 3004 3004 42.8581
0.5 3005 3005 42.8581
0.5 3006 3006 42.8583
0.5 3007 3007 42.8581
0.5 3008 3008 42.8581
0.5 3009 3009 42.8583
0.5 3010 3010 42.8581
0.5 3011 3011 42.8583
0.5 3012 3012 42.8581
0.5 3013 3013 42.8581
0.5 3014 3014 42.8583
0.5 3015 3015 42.8581
0.5 3016 3016 42.8581
0.5 3017 3017 42.8583
0.5 3018 3018 42.8581
0.5 3019 3019 42.8583
0.5 3020 3020 42.8581
0.5 3021 3021 42.8581
0.5 3022 3022 42.8583
0.5 3023 3023 42.8581
0.5 3024 3024 42.8581
0.5 3025 3025 42.8583
0.5 3026 3026 42.8581
0.5 3027 3027 42.8583
0.5 3028 3028 42.8581
0.5 3029 3029 42.8581
0.5 3030 3030 42.8583
0.5 3031 3031 42.8581
0.5 3032 3032 42.8581
0.5 3033 3033 42.8583
0.5 3034 3034 42.8581
0.5 3035 3035 42.8583
0.5 3036 3036 42.8581
0.5 3037 3037 42.8581
0.5 3038 3038 42.8583
0.5 3039 3039 42.8581
0.5 3040 3040 42.8581
0.5 3041 3041 42.8583
0.5 3042 3042 42.8581
0.5 3043 3043 42.8583
0.5 3044 3044 42.8581
0.5 3045 3045 42.8581
0.5 3046 3046 42.8583
0.5 3047 3047 42.8581
0.5 3048 3048 42.8581
0.5 3049 3049 42.8583
0.5 3050 3050 42.8581
0.5 3051 3051 42.8583
0.5 3052 3052 42.8581
0.5 3053 3053 42.8581
0.5 3054 3054 42.8583
0.5 3055 3055 42.8581
0.5 3056 3056 42.8581
0.5 3057 3057 42.8583
0.5 3058 3058 42.8581
0.5 3059 3059 42.8583
0.5 3060 3060 42.8581
0.5 3061 3061 42.8581
0.5 3062 3062 42.8583
0.5 3063 3063 42.8581
0.5 3064 3064 42.8581
0.5 3065 3065 42.8583
0.5 3066 3066 42.8581
0.5 3067 3067 42.8583
0.5 3068 3068 42.8581
0.5 3069 3069 42.8581
0.5 3070 3070 42.8583
0.5 3071 3071 42.8581
0.5 3072 3072 42.8581
0.5 3073 3073 42.8583
0.5 3074 3074 42.8581
0.5 3075 3075 42.8583
0.5 3076 3076 42.8581
0.5 3077 3077 42.8581
0.5 3078 3078 42.8583
0.5 3079 3079 42.8581
0.5 3080 3080 42.8581
0.5 3081 3081 42.8583
0.5 3082 3082 42.8581
0.5 3083 3083 42.8583
0.5 3084 3084 42.8581
0.5 3085 3085 42.8581
0.5 3086 3086 42.8583
0.5 3087 3087 42.8581
0.5 3088 3088 42.8581
0.5 3089 3089 42.8583
0.5 3090 3090 42.8581
0.5 3091 3091 42.8583
0.5 3092 3092 42.8581
0.5 3093 3093 42.8581
0.5 3094 3094 42.8583
0.5 3095 3095 42.8581
0.5 3096 3096 42.8581
0.5 3097 3097 42.8583
0.5 3098 3098 42.8581
0.5 3099 3099 42.8583
0.5 3100 3100 42.8581
0.5 3101 3101 42.8581
0.5 3102 3102 42.8583
0.5 3103 3103 42.8581
0.5 3104 3104 42.8581
0.5 3105 3105 42.8583
0.5 3106 3106 42.8581
0.5 3107 3107 42.8583
0.5 3108 3108 42.8581
0.5 3109 3109 42.8581
0.5 3110 3110 42.8583
0.5 3111 3111 42.8581
0.5 3112 3112 42.8581
0.5 3113 3113 42.8583
0.5 3114 3114 42.8581
0.5 3115 3115 42.8583
0.5 3116 3116 42.8581
0.5 3117 3117 42.8581
0.5 3118 3118 42.8583
0.5 3119 3119 42.8581
0.5 3120 3120 42.8581
0.5 3121 3121 42.8583
0.5 3122 3122 42.8581
0.5 3123 3123 42.8583
0.5 3124 3124 42.8581
0.5 3125 3125 42.8581
0.5 3126 3126 42.8583
0.5 3127 3127 42.8581
0.5 3128 3128 42.8581
0.5 3129 3129 42.8583
0.5 3130 3130 42.8581
0.5 3131 3131 42.8583
0.5 3132 3132 42.8581
0.5 3133 3133 42.8581
0.5 3134 3134 42.8583
0.5 3135 3135 42.8581
0.5 3136 3136 42.8581
0.5 3137 3137 42.8583
0.5 3138 3138 42.8581
0.5 3139 3139 42.8583
0.5 3140 3140 42.8581
0.5 3141 3141 42.8581
0.5 3142 3142 42.8583
0.5 3143 3143 42.8581
0.5 3144 3144 42.8581
0.5 3145 3145 42.8583
0.5 3146 3146 42.8581
0.5 3147 3147 42.8583
0.5 3148 3148 42.8581
0.5 3149 3149 42.8581
0.5 3150 3150 42.8583
0.5 3151 3151 42.8581
0.5 3152 3152 42.8581
0.5 3153 3153 42.8583
0.5 3154 3154 42.8581
0.5 3155 3155 42.8583
0.5 3156 3156 42.8581
0.5 3157 3157 42.8581
0.5 3158 3158 42.8583
0.5 3159 3159 42.8581
0.5 3160 3160 42.8581
0.5 3161 3161 42.8583
0.5 3162 3162 42.8581
0.5 3163 3163 42.8583
0.5 3164 3164 42.8581
0.5 3165 3165 42.8581
0.5 3166 3166 42.8583
0.5 3167 3167 42.8581
0.5 3168 3168 42.8581
0.5 3169 3169 42.8583
0.5 3170 3170 42.8581
0.5 3171 3171 42.8583
0.5 3172 3172 42.8581
0.5 3173 3173 42.8581
0.5 3174 3174 42.8583
0.5 3175 3175 42.8581
0.5 3176 3176 42.8581
0.5 3177 3177 42.8583
0.5 3178 3178 42.8581
0.5 3179 3179 42.8583
0.5 3180 3180 42.8581
0.5 3181 3181 42.8581
0.5 3182 3182 42.8583
0.5 3183 3183 42.8581
0.5 3184 3184 42.8581
0.5 3185 3185 42.8583
0.5 3186 3186 42.8581
0.5 3187 3187 42.8583
0.5 3188 3188 42.8581
0.5 3189 3189 42.8581
0.5 3190 3190 42.8583
0.5 3191 3191 42.8581
0.5 3192 3192 42.8581
0.5 3193 3193 42.8583
0.5 3194 3194 42.8581
0.5 3195 3195 42.8583
0.5 3196 3196 42.8581
0.5 3197 3197 42.8581
0.5 3198 3198 42.8583
0.5 3199 3199 42.8581
0.5 3200 3200 42.8581
0.5 3201 3201 42.8583
0.5 3202 3202 42.8581
0.5 3203 3203 42.8583
0.5 3204 3204 42.8581
0.5 3205 3205 42.8581
0.5 3206 3206 42.8583
0.5 3207 3207 42.8581
0.5 3208 3208 42.8581
0.5 3209 3209 42.8583
0.5 3210 3210 42.8581
0.5 3211 3211 42.8583
0.5 3212 3212 42.8581
0.5 3213 3213 42.8581
0.5 3214 3214 42.8583
0.5 3215 3215 42.8581
0.5 3216 3216 42.8581
0.5 3217 3217 42.8583
0.5 3218 3218 42.8581
0.5 3219 3219 42.8583
0.5 3220 3220 42.8581
0.5 3221 3221 42.8581
0.5 3222 3222 42.8583
0.5 3223 3223 42.8581
0.5 3224 3224 42.8581
0.5 3225 3225 42.8583
0.5 3226 3226 42.8581
0.5 3227 3227 42.8579
0.5 3228 3228 42.858
0.5 3229 3229 42.8577
0.5 3230 3230 42.8575
0.5 3231 3231 42.8573
0.5 3232 3232 42.8571
0.5 3233 3233 42.857
0.5 3234 3234 42.8568
0.5 3235 3235 42.8566
0.5 3236 3236 42.8565
0.5 3237 3237 42.8563
0.5 3238 3238 42.8562
0.5 3239 3239 42.8557
0.5 3240 3240 42.8558
0.5 3241 3241 42.8557
0.5 3242 3242 42.8553
0.5 3243 3243 42.8553
0.5 3244 3244 42.8549
0.5 3245 3245 42.855
0.5 3246 3246 42.8546
0.5 3247 3247 42.8547
0.5 3248 3248 42.8543
0.5 3249 3249 42.8541
0.5 3250 3250 42.8539
0.5 3251 3251 42.8537
0.5 3252 3252 42.8536
0.5 3253 3253 42.8534
0.5 3254 3254 42.8533
0.5 3255 3255 42.8531
0.5 3256 3256 42.853
0.5 3257 3257 42.8528
0.5 3258 3258 42.8527
0.5 3259 3259 42.8525
0.5 3260 3260 42.8524
0.5 3261 3261 42.8519
0.5 3262 3262 42.8519
0.5 3263 3263 42.8519
0.5 3264 3264 42.8514
0.5 3265 3265 42.8515
0.5 3266 3266 42.8511
0.5 3267 3267 42.8512
0.5 3268 3268 42.8508
0.5 3269 3269 42.8509
0.5 3270 3270 42.8505
0.5 3271 3271 42.8502
0.5 3272 3272 42.8504
0.5 3273 3273 42.85
0.5 3274 3274 42.8498
0.5 3275 3275 42.8496
0.5 3276 3276 42.8494
0.5 3277 3277 42.8493
0.5 3278 3278 42.8491
0.5 3279 3279 42.849
0.5 3280 3280 42.8488
0.5 3281 3281 42.8487
0.5 3282 3282 42.8485
0.5 3283 3283 42.8481
0.5 3284 3284 42.8481
0.5 3285 3285 42.848
0.5 3286 3286 42.8476
0.5 3287 3287 42.8476
0.5 3288 3288 42.8473
0.5 3289 3289 42.8473
0.5 3290 3290 42.8469
0.5 3291 3291 42.847
0.5 3292 3292 42.8467
0.5 3293 3293 42.8464
0.5 3294 3294 42.8465
0.5 3295 3295 42.8462
0.5 3296 3296 42.846
0.5 3297 3297 42.8458
0.5 3298 3298 42.8456
0.5 3299 3299 42.8455
0.5 3300 3300 42.8453
0.5 3301 3301 42.8451
0.5 3302 3302 42.845
0.5 3303 3303 42.8448
0.5 3304 3304 42.8447
0.5 3305 3305 42.8442
0.5 3306 3306 42.8443
0.5 3307 3307 42.8442
0.5 3308 3308 42.8438
0.5 3309 3309 42.8438
0.5 3310 3310 42.8434
0.5 3311 3311 42.8436
0.5 3312 3312 42.8434
0.5 3313 3313 42.8436
0.5 3314 3314 42.8434
0.5 3315 3315 42.8436
0.5 3316 3316 42.8434
0.5 3317 3317 42.8436
0.5 3318 3318 42.8434
0.5 3319 3319 42.8436
0.5 3320 3320 42.8434
0.5 3321 3321 42.8436
0.5 3322 3322 42.8434
0.5 3323 3323 42.8436
0.5 3324 3324 42.8434
0.5 3325 3325 42.8436
0.5 3326 3326 42.8434
0.5 3327 3327 42.8436
0.5 3328 3328 42.8434
0.5 3329 3329 42.8436
0.5 3330 3330 42.8434
0.5 3331 3331 42.8436
0.5 3332 3332 42.8434
0.5 3333 3333 42.8436
0.5 3334 3334 42.8434
0.5 3335 3335 42.8436
0.5 3336 3336 42.8434
0.5 3337 3337 42.8436
0.5 3338 3338 42.8434
0.5 3339 3339 42.8436
0.5 3340 3340 42.8434
0.5 3341 3341 42.8436
0.5 3342 3342 42.8434
0.5 3343 3343 42.8436
0.5 3344 3344 42.8434
0.5 3345 3345 42.8436
0.5 3346 3346 42.8434
0.5 3347 3347 42.8436
0.5 3348 3348 42.8434
0.5 3349 3349 42.8436
0.5 3350 3350 42.8434
0.5 3351 3351 42.8436
0.5 3352 3352 42.8434
0.5 3353 3353 42.8436
0.5 3354 3354 42.8434
0.5 3355 3355 42.8436
0.5 3356 3356 42.8434
0.5 3357 3357 42.8436
0.5 3358 3358 42.8434
0.5 3359 3359 42.8436
0.5 3360 3360 42.8434
0.5 3361 3361 42.8436
0.5 3362 3362 42.8434
0.5 3363 3363 42.8436
0.5 3364 3364 42.8434
0.5 3365 3365 42.8436
0.5 3366 3366 42.8434
0.5 3367 3367 42.8436
0.5 3368 3368 42.8434
0.5 3369 3369 42.8436
0.5 3370 3370 42.8434
0.5 3371 3371 42.8436
0.5 3372 3372 42.8434
0.5 3373 3373 42.8436
0.5 3374 3374 42.8434
0.5 3375 3375 42.8436
0.5 3376 3376 42.8434
0.5 3377 3377 42.8436
0.5 3378 3378 42.8434
0.5 3379 3379 42.8436
0.5 3380 3380 42.8434
0.5 3381 3381 42.8436
0.5 3382 3382 42.8434
0.5 3383 3383 42.8436
0.5 3384 3384 42.8434
0.5 3385 3385 42.8436
0.5 3386 3386 42.8434
0.5 3387 3387 42.8436
0.5 3388 3388 42.8434
0.5 3389 3389 42.8436
0.5 3390 3390 42.8434
0.5 3391 3391 42.8436
0.5 3392 3392 42.8434
0.5 3393 3393 42.8436
0.5 3394 3394 42.8434
0.5 3395 3395 42.8436
0.5 3396 3396 42.8434
0.5 3397 3397 42.8436
0.5 3398 3398 42.8434
0.5 3399 3399 42.8436
0.5 3400 3400 42.8434
0.5 3401 3401 42.8436
0.5 3402 3402 42.8434
0.5 3403 3403 42.8436
0.5 3404 3404 42.8434
0.5 3405 3405 42.8436
0.5 3406 3406 42.8434
0.5 3407 3407 42.8436
0.5 3408 3408 42.8434
0.5 3409 3409 42.8436
0.5 3410 3410 42.8434
0.5 3411 3411 42.8436
0.5 3412 3412 42.8434
0.5 3413 3413 42.8436
0.5 3414 3414 42.8434
0.5 3415 3415 42.8436
0.5 3416 3416 42.8434
0.5 3417 3417 42.8436
0.5 3418 3418 42.8434
0.5 3419 3419 42.8436
0.5 3420 3420 42.8434
0.5 3421 3421 42.8436
0.5 3422 3422 42.8434
0.5 3423 3423 42.8436
0.5 3424 3424 42.8434
0.5 3425 3425 42.8436
0.5 3426 3426 42.8434
0.5 3427 3427 42.8436
0.5 3428 3428 42.8434
0.5 3429 3429 42.8436
0.5 3430 3430 42.8434
0.5 3431 3431 42.8436
0.5 3432 3432 42.8434
0.5 3433 3433 42.8436
0.5 3434 3434 42.8434
0.5 3435 3435 42.8436
0.5 3436 3436 42.8434
0.5 3437 3437 42.8436
0.5 3438 3438 42.8434
0.5 3439 3439 42.8436
0.5 3440 3440 42.8434
0.5 3441 3441 42.8436
0.5 3442 3442 42.8434
0.5 3443 3443 42.8436
0.5 3444 3444 42.8434
0.5 3445 3445 42.8436
0.5 3446 3446 42.8434
0.5 3447 3447 42.8436
0.5 3448 3448 42.8434
0.5 3449 3449 42.8436
0.5 3450 3450 42.8434
0.5 3451 3451 42.8436
0.5 3452 3452 42.8434
0.5 3453 3453 42.8436
0.5 3454 3454 42.8434
0.5 3455 3455 42.8436
0.5 3456 3456 42.8434
0.5 3457 3457 42.8436
0.5 3458 3458 42.8434
0.5 3459 3459 42.8436
0.5 3460 3460 42.8434
0.5 3461 3461 42.8436
0.5 3462 3462 42.8434
0.5 3463 3463 42.8436
0.5 3464 3464 42.8434
0.5 3465 3465 42.8436
0.5 3466 3466 42.8434
0.5 3467 3467 42.8436
0.5 3468 3468 42.8434
0.5 3469 3469 42.8436
0.5 3470 3470 42.8434
0.5 3471 3471 42.8436
0.5 3472 3472 42.8434
0.5 3473 3473 42.8436
0.5 3474 3474 42.8434
0.5 3475 3475 42.8436
0.5 3476 3476 42.8434
0.5 3477 3477 42.8436
0.5 3478 3478 42.8434
0.5 3479 3479 42.8436
0.5 3480 3480 42.8434
0.5 3481 3481 42.8436
0.5 3482 3482 42.8434
0.5 3483 3483 42.8436
0.5 3484 3484 42.8434
0.5 3485 3485 42.8436
0.5 3486 3486 42.8434
0.5 3487 3487 42.8436
0.5 3488 3488 42.8434
0.5 3489 3489 42.8436
0.5 3490 3490 42.8434
0.5 3491 3491 42.8436
0.5 3492 3492 42.8434
0.5 3493 3493 42.8436
0.5 3494 3494 42.8434
0.5 3495 3495 42.8436
0.5 3496 3496 42.8434
0.5 3497 3497 42.8436
0.5 3498 3498 42.8434
0.5 3499 3499 42.8436
0.5 3500 3500 42.8434
0.5 3501 3501 42.8436
0.5 3502 3502 42.8434
0.5 3503 3503 42.8436
0.5 3504 3504 42.8434
0.5 3505 3505 42.8436
0.5 3506 3506 42.8434
0.5 3507 3507 42.8436
0.5 3508 3508 42.8434
0.5 3509 3509 42.8436
0.5 3510 3510 42.8434
0.5 3511 3511 42.8436
0.5 3512 3512 42.8434
0.5 3513 3513 42.8436
0.5 3514 3514 42.8434
0.5 3515 3515 42.8436
0.5 3516 3516 42.8434
0.5 3517 3517 42.8436
0.5 3518 3518 42.8434
0.5 3519 3519 42.8436
0.5 3520 3520 42.8434
0.5 3521 3521 42.8436
0.5 3522 3522 42.8434
0.5 3523 3523 42.8436
0.5 3524 3524 42.8434
0.5 3525 3525 42.8436
0.5 3526 3526 42.8434
0.5 3527 3527 42.8436
0.5 3528 3528 42.8434
0.5 3529 3529 42.8436
0.5 3530 3530 42.8434
0.5 3531 3531 42.8436
0.5 3532 3532 42.8434
0.5 3533 3533 42.8436
0.5 3534 3534 42.8434
0.5 3535 3535 42.8436
0.5 3536 3536 42.8434
0.5 3537 3537 42.8436
0.5 3538 3538 42.8434
0.5 3539 3539 42.8436
0.5 3540 3540 42.8434
0.5 3541 3541 42.8436
0.5 3542 3542 42.8434
0.5 3543 3543 42.8436
0.5 3544 3544 42.8434
0.5 3545 3545 42.8436
0.5 3546 3546 42.8434
0.5 3547 3547 42.8436
0.5 3548 3548 42.8434
0.5 3549 3549 42.8436
0.5 3550 3550 42.8434
0.5 3551 3551 42.8436
0.5 3552 3552 42.8434
0.5 3553 3553 42.8436
0.5 3554 3554 42.8434
0.5 3555 3555 42.8436
0.5 3556 3556 42.8434
0.5 3557 3557 42.8436
0.5 3558 3558 42.8434
0.5 3559 3559 42.8436
0.5 3560 3560 42.8434
0.5 3561 3561 42.8436
0.5 3562 3562 42.8434
0.5 3563 3563 42.8436
0.5 3564 3564 42.8434
0.5 3565 3565 42.8436
0.5 3566 3566 42.8434
0.5 3567 3567 42.8436
0.5 3568 3568 42.8434
0.5 3569 3569 42.8436
0.5 3570 3570 42.8434
0.5 3571 3571 42.8436
0.5 3572 3572 42.8434
0.5 3573 3573 42.8436
0.5 3574 3574 42.8434
0.5 3575 3575 42.8436
0.5 3576 3576 42.8434
0.5 3577 3577 42.8436
0.5 3578 3578 42.8434
0.5 3579 3579 42.8436
0.5 3580 3580 42.8434
0.5 3581 3581 42.8436
0.5 3582 3582 42.8434
0.5 3583 3583 42.8436
0.5 3584 3584 42.8434
0.5 3585 3585 42.8436
0.5 3586 3586 42.8434
0.5 3587 3587 42.8436
0.5 3588 3588 42.8434
0.5 3589 3589 42.8436
0.5 3590 3590 42.8434
0.5 3591 3591 42.8436
0.5 3592 3592 42.8434
0.5 3593 3593 42.8436
0.5 3594 3594 42.8434
0.5 3595 3595 42.8436
0.5 3596 3596 42.8434
0.5 3597 3597 42.8436
0.5 3598 3598 42.8434
0.5 3599 3599 42.8436
